<?xml version="1.0"?>
<opencv_storage>
<descriptor type_id="opencv-matrix">
  <rows>465</rows>
  <cols>32</cols>
  <dt>u</dt>
  <data>
    45 200 68 128 141 155 98 232 199 52 4 14 66 192 99 135 73 192 202
    255 92 101 62 180 184 82 197 118 55 45 24 134 225 77 120 76 168 13
    85 230 200 2 172 8 50 60 37 59 134 210 94 110 232 43 50 56 243 155
    96 56 80 120 66 111 88 73 176 44 169 68 94 70 34 224 168 8 191 190
    65 48 200 253 117 193 76 10 208 58 241 245 143 57 88 112 35 26 160
    198 92 110 104 18 72 248 17 16 241 64 99 11 12 49 222 144 70 98 236
    38 72 29 38 249 64 13 121 130 106 137 2 40 186 220 108 96 177 66 136
    135 197 50 180 183 36 11 200 50 27 0 48 75 162 192 83 48 218 27 128
    73 21 226 156 52 146 245 163 104 53 65 154 183 7 56 206 243 65 15
    163 124 161 16 48 85 136 130 201 215 87 51 130 104 133 163 7 12 128
    147 244 161 56 166 24 49 24 48 204 50 136 47 199 83 19 17 178 216 64
    230 12 22 218 226 132 73 17 133 48 0 18 172 93 3 146 72 5 128 241 11
    66 216 41 208 216 169 134 99 8 179 64 140 144 244 2 27 81 46 42 134
    146 157 30 221 171 78 53 39 188 18 134 48 252 55 0 75 163 119 249 34
    112 205 19 109 229 242 94 19 0 96 165 59 162 176 160 144 207 225 176
    71 154 87 80 187 140 156 102 139 171 27 179 145 18 126 146 208 29 16
    222 107 212 76 151 210 9 185 103 89 220 157 109 119 119 89 254 198
    179 133 148 100 109 170 126 140 203 186 247 245 102 237 178 192 111
    136 240 249 47 98 225 195 108 121 234 200 91 226 49 42 137 200 221
    174 91 204 182 27 135 118 238 194 28 92 159 188 199 255 86 164 239
    96 224 70 77 17 206 200 67 230 181 143 9 204 223 56 94 205 247 207
    204 118 254 224 86 25 205 188 111 191 90 212 127 95 96 70 91 83 222
    252 73 228 189 175 105 108 191 183 62 245 213 231 205 35 172 236 50
    73 229 191 111 190 126 85 218 94 14 188 46 128 28 166 156 30 214 167
    237 175 51 75 230 117 253 199 96 205 3 235 242 243 250 147 52 60 45
    91 14 173 4 187 217 167 239 239 29 151 120 19 104 107 30 133 221 123
    131 183 114 218 90 255 45 86 159 70 147 86 166 202 90 189 39 190 191
    210 23 174 159 204 218 163 239 254 162 224 243 239 189 195 207 11
    170 191 185 247 175 187 53 126 53 127 41 207 105 79 116 149 79 246 7
    76 124 207 49 205 182 116 92 234 23 238 203 186 108 191 126 13 164
    136 119 142 118 249 58 153 70 46 123 199 95 249 167 72 254 133 120
    239 34 84 124 251 255 238 72 139 26 253 251 253 141 153 59 166 46 91
    43 207 99 205 118 211 234 246 85 72 124 230 40 204 183 228 94 170
    150 205 199 186 100 255 38 28 162 136 127 142 116 253 57 89 74 232
    118 147 239 112 85 72 124 102 59 217 178 96 122 168 22 78 207 186 36
    191 114 237 34 136 127 143 120 217 66 252 162 223 145 215 187 230 63
    207 78 4 236 247 6 68 177 107 191 152 34 220 57 255 255 126 31 195
    130 84 165 122 56 225 66 236 87 195 79 121 37 160 253 10 123 221 188
    52 122 252 23 234 90 179 8 253 115 236 133 104 119 139 246 162 59
    203 98 142 86 147 238 117 133 64 222 231 105 204 182 228 126 232 151
    239 205 155 44 253 114 44 170 128 63 142 248 220 49 201 106 206 84
    151 207 113 69 64 253 130 115 201 182 100 120 232 23 239 201 187 44
    189 114 44 165 136 125 186 120 200 180 233 33 184 141 221 68 237 151
    80 192 26 3 212 50 49 72 234 18 64 126 78 242 181 187 209 197 121 49
    12 212 198 112 25 10 160 32 8 112 66 45 8 250 43 130 14 37 64 236
    129 79 160 8 163 64 192 214 161 162 144 1 8 38 219 41 209 113 75 45
    221 135 252 79 125 181 46 234 92 188 164 220 26 134 107 203 34 125
    245 39 216 33 190 87 30 196 253 41 216 121 255 44 221 213 188 221 72
    84 34 251 252 189 96 222 123 62 73 199 42 118 189 231 123 112 152 21
    153 84 125 41 88 97 174 45 213 210 252 207 72 212 102 250 220 187
    224 220 224 158 67 207 35 126 189 35 121 186 152 31 159 120 93 47
    209 97 174 61 85 214 252 71 104 221 102 123 88 190 224 88 192 23 107
    207 34 125 181 98 121 169 180 95 159 216 197 166 175 230 159 252 191
    238 255 23 191 219 247 64 232 182 68 127 110 111 29 182 254 207 255
    62 22 253 196 213 204 244 197 166 174 230 159 252 227 174 239 31 191
    91 179 97 238 172 77 123 126 167 145 50 222 207 255 44 38 255 197
    151 236 180 205 32 251 80 73 112 143 103 252 55 76 124 12 48 21 162
    20 62 168 2 106 194 186 56 125 103 156 36 36 115 154 66 249 24 107
    222 117 2 170 61 22 52 206 118 229 59 175 131 24 38 255 68 196 133
    248 5 106 102 239 52 128 233 240 34 155 27 88 162 158 34 80 31 70 21
    66 210 163 61 238 179 228 126 251 191 195 141 131 36 235 176 54 234
    139 60 124 37 125 221 21 169 103 145 126 23 17 80 205 207 52 227 116
    138 96 80 102 172 8 141 144 253 10 227 229 36 19 162 110 196 119 12
    52 180 63 137 108 180 142 238 19 162 16 236 248 77 175 129 87 248 1
    34 101 219 224 129 243 94 22 193 81 131 138 11 205 99 140 117 149
    238 245 69 72 216 198 105 204 180 228 94 168 150 207 199 27 52 255
    54 124 142 128 31 158 240 221 47 36 98 139 205 63 238 234 29 226 221
    26 216 110 60 224 125 203 95 175 241 179 92 238 180 29 142 168 93
    126 249 140 102 108 32 158 125 159 86 104 159 172 177 8 238 236 77
    148 216 249 239 99 110 99 219 219 189 22 15 63 16 62 30 6 188 249 16
    226 57 207 87 252 59 172 176 8 223 223 67 144 151 253 237 114 72 103
    217 190 251 217 37 127 98 183 66 3 230 20 172 188 205 36 153 11 139
    159 148 157 44 191 87 91 205 215 251 149 50 79 242 224 87 51 218 187
    149 101 54 114 242 212 172 190 45 37 93 10 159 62 149 31 78 44 62 75
    197 145 189 7 168 7 123 209 211 91 217 183 20 124 84 102 209 108 213
    86 166 107 55 166 250 250 50 56 126 49 193 59 35 102 124 64 33 125
    168 58 184 142 117 55 233 121 3 43 77 169 232 83 134 220 255 144 118
    245 23 2 249 111 222 102 39 114 185 218 146 120 189 241 111 79 231
    193 167 151 221 98 87 36 163 160 133 118 105 65 241 227 203 82 89
    254 248 238 249 133 57 189 157 211 188 194 153 126 143 196 133 102
    176 100 24 173 236 227 199 118 254 183 112 53 87 18 121 57 86 107
    105 214 179 152 178 248 189 229 127 235 246 197 167 220 252 170 148
    140 136 19 128 168 36 135 52 19 226 16 163 32 64 91 105 138 10 144
    58 60 65 35 140 129 86 65 224 88 169 136 176 4 222 168 192 98 84 79
    17 7 226 19 7 50 40 27 217 149 6 48 56 183 1 2 145 227 84 71 225 104
    228 130 70 80 213 235 186 98 27 138 166 51 171 176 209 247 233 122
    67 213 253 144 27 5 207 114 204 166 191 215 180 195 164 50 148 140
    220 179 196 168 224 135 122 19 50 19 51 104 72 27 107 227 38 145 58
    124 75 227 156 227 214 64 225 88 193 10 22 98 137 242 40 193 77 200
    14 175 145 169 133 199 201 88 213 216 205 144 74 71 202 146 217 148
    191 189 0 154 20 49 239 52 188 90 141 125 208 139 219 219 165 24 206
    248 95 175 137 83 248 17 183 100 250 130 139 91 85 127 210 109 90 70
    186 29 110 190 185 208 153 51 173 93 190 181 106 126 150 23 206 179
    221 133 189 139 112 237 243 123 122 211 199 4 172 95 83 0 35 60 17
    198 11 98 53 64 194 0 81 246 178 116 208 237 57 173 173 211 37 78
    145 126 138 128 20 4 53 100 40 34 24 32 32 13 81 16 32 44 52 13 151
    9 2 16 128 128 76 12 12 32 208 0 195 217 33 49 64 128 74 66 104 34
    24 160 32 12 81 16 96 12 164 9 151 3 18 80 128 132 76 12 12 32 192 0
    192 241 32 17 32 128 78 66 94 48 172 164 168 66 29 152 2 246 130 175
    215 127 83 10 197 213 253 147 12 67 251 0 217 227 237 189 164 124 20
    83 67 176 10 24 9 149 168 200 206 84 132 141 236 198 102 244 69 41
    234 132 135 3 190 81 147 113 139 62 26 4 43 212 67 176 172 27 140
    244 185 175 238 81 134 21 209 190 94 106 133 71 121 157 151 73 255
    113 79 59 222 217 132 64 181 94 9 42 21 153 108 219 49 24 206 228 84
    40 156 212 194 166 3 108 234 8 2 112 239 17 76 65 45 59 22 140 23
    229 65 34 92 65 96 26 104 19 109 64 102 76 222 2 150 246 34 132 110
    12 133 240 229 64 6 57 32 0 106 128 74 21 28 158 254 113 147 59 118
    222 119 183 118 179 75 45 238 175 55 222 165 48 178 248 61 182 111
    223 85 71 231 253 204 7 105 182 98 71 117 188 227 179 233 13 125 56
