<?xml version="1.0"?>
<opencv_storage>
<descriptor type_id="opencv-matrix">
  <rows>423</rows>
  <cols>32</cols>
  <dt>u</dt>
  <data>
    25 180 119 219 234 154 116 115 55 106 246 246 121 254 172 225 127
    174 254 8 167 251 183 243 62 107 166 130 255 204 232 149 94 60 102
    137 232 91 126 218 55 238 214 171 75 238 151 100 127 223 255 129 168
    219 239 242 246 239 167 137 167 252 36 213 52 250 250 128 14 13 18
    216 139 164 188 239 3 193 102 2 158 196 69 118 200 99 216 128 248
    152 5 62 65 58 64 3 90 52 159 228 35 66 92 96 185 142 162 169 207
    183 64 83 182 213 237 160 40 195 128 200 211 243 79 155 32 96 39 115
    124 176 152 233 173 79 85 200 27 250 160 8 222 49 73 26 145 213 124
    32 11 98 219 145 223 219 69 63 210 120 70 34 82 22 158 188 43 194 31
    40 191 14 194 163 204 231 34 83 246 245 253 163 40 195 131 203 177
    247 202 155 0 100 37 83 120 50 106 232 126 79 107 88 119 108 254 174
    83 157 146 112 126 156 127 136 136 178 245 146 215 237 161 136 103
    138 118 113 225 164 133 90 201 237 69 137 143 217 173 24 242 241 72
    54 201 74 106 28 11 67 251 51 173 216 133 126 218 74 210 178 2 158
    46 191 63 147 186 232 158 92 210 167 236 232 54 65 239 35 251 135
    166 137 15 255 224 54 203 147 28 44 61 215 130 158 38 187 191 131
    191 230 158 29 218 183 236 110 50 65 231 99 187 199 54 201 11 255
    236 18 222 195 20 12 189 223 194 159 31 159 171 192 60 166 188 30
    138 179 236 231 32 67 231 119 235 194 112 205 43 253 173 51 222 147
    16 116 165 123 130 184 146 153 237 229 176 67 158 27 80 17 140 158
    96 73 199 59 179 17 50 92 130 209 141 16 90 235 144 72 161 131 14
    253 240 90 235 209 159 253 207 220 124 47 40 238 239 196 222 123 151
    66 210 67 170 241 58 24 15 175 87 127 167 223 15 253 98 138 237 209
    190 231 205 76 92 47 172 252 119 164 203 107 151 103 215 43 62 251
    63 92 15 171 22 126 189 223 14 255 34 138 249 181 190 231 141 76 220
    167 172 206 55 64 239 123 151 215 214 10 74 243 54 85 142 171 22 95
    189 223 47 189 98 158 253 245 190 246 137 206 220 143 232 236 54 132
    223 107 151 103 244 43 62 255 58 93 143 235 31 126 253 223 11 188
    227 223 243 213 191 247 190 79 94 167 188 254 182 228 55 123 179 157
    179 216 190 255 111 111 191 224 63 212 181 253 90 159 47 190 62 211
    30 235 151 204 222 162 239 254 162 224 247 255 253 193 14 139 47 191
    250 231 175 187 52 111 61 111 57 91 115 232 118 211 82 112 69 72 252
    98 59 221 160 228 126 184 150 106 203 187 36 191 179 237 34 136 119
    187 108 161 2 207 42 188 118 225 186 231 156 77 88 167 44 238 54 64
    254 43 151 133 6 155 2 255 226 53 186 139 21 12 61 219 10 220 59 255
    83 197 185 103 28 13 90 34 188 191 32 96 230 59 147 129 3 152 50 255
    101 247 158 3 16 8 165 187 59 91 106 68 118 150 251 112 101 72 94
    167 57 140 183 36 126 169 151 239 205 146 52 206 114 77 170 128 47
    135 120 253 10 154 50 157 115 145 185 67 31 79 92 163 172 204 54 196
    254 59 183 1 198 186 34 219 7 85 154 131 23 12 37 223 3 11 218 209
    118 154 184 87 174 128 90 226 173 170 181 96 110 63 63 145 132 184 4
    200 4 61 190 128 141 128 41 141 59 219 98 142 87 147 254 116 5 64
    220 167 40 204 182 100 126 235 151 199 223 155 4 253 50 44 138 202
    63 142 120 220 51 217 106 206 84 131 239 113 69 68 253 134 113 201
    182 100 120 168 23 239 216 187 60 253 114 44 131 200 119 139 244 236
    59 201 99 222 93 209 143 229 213 0 216 130 105 236 180 228 122 250
    18 203 203 171 62 255 57 124 142 8 23 30 244 172 32 237 55 94 249
    217 167 231 207 5 104 8 40 173 36 20 137 106 66 72 82 58 34 127 43
    30 20 98 83 16 198 236 237 32 157 115 108 45 121 154 251 187 119 88
    223 249 217 59 131 132 126 24 179 118 235 194 207 219 115 232 194
    201 67 161 22 161 34 139 203 131 188 201 62 4 251 139 104 206 38 81
    254 191 239 193 80 155 203 212 180 48 143 171 85 30 165 210 189 172
    239 191 148 46 235 242 117 233 247 86 211 121 146 96 125 236 54 189
    189 252 125 174 254 239 163 196 111 169 80 208 52 117 23 142 125 91
    246 232 77 232 249 106 78 220 44 177 248 221 206 99 77 163 73 220
    177 146 7 55 81 59 111 135 54 117 81 206 249 87 150 232 31 140 249
    74 74 198 45 180 220 253 206 98 9 35 250 254 185 156 7 62 81 59 102
    245 124 245 120 236 189 95 94 248 51 252 188 41 223 127 74 16 159
    221 221 98 206 99 217 159 251 221 37 245 106 179 206 83 128 160 191
    243 195 233 185 199 254 63 21 26 140 158 104 43 163 27 51 145 18 92
    170 208 205 146 95 103 128 0 165 227 102 56 172 152 205 36 89 138
    139 159 132 27 12 191 87 91 205 199 249 149 18 67 242 224 95 59 222
    187 149 101 118 114 230 210 188 254 109 37 221 137 143 62 149 31 204
    175 44 75 201 149 175 7 104 7 122 209 209 178 219 191 20 121 148 114
    194 138 13 216 104 141 13 185 174 30 164 153 132 135 32 83 197 17
    111 194 242 15 106 117 213 176 250 253 16 128 133 96 158 16 46 242
    173 31 213 49 205 190 151 31 78 89 63 15 137 144 253 115 248 101 27
    172 219 91 69 147 239 173 84 119 70 102 173 162 188 173 107 30 142
    189 141 197 132 199 83 66 197 32 75 28 162 65 251 156 249 20 175 252
    128 95 21 98 13 93 216 197 100 30 126 48 125 104 126 102 255 48 179
    228 118 108 190 110 197 176 53 238 166 253 35 128 30 191 73 85 186
    227 96 3 83 155 234 204 101 132 181 170 11 8 214 132 58 136 198 251
    238 180 77 222 62 68 5 195 231 158 90 140 139 217 99 239 53 214 255
    244 221 72 214 166 249 93 186 100 126 248 159 239 233 163 124 255
    231 221 175 128 55 159 116 249 8 178 188 248 253 191 240 95 255 189
    244 40 142 251 102 24 239 187 223 16 178 107 66 208 95 223 119 255
    210 76 203 139 104 49 17 96 1 205 81 19 33 12 36 13 30 19 0 16 128
    54 197 8 16 104 144 8 203 221 48 16 66 128 70 99 8 184 120 91 176
    141 176 220 86 53 101 21 240 217 74 0 29 26 195 24 130 120 91 117 79
    139 21 105 91 128 207 138 72 48 145 164 33 44 77 50 33 166 46 13 207
    39 64 150 5 212 253 24 8 64 241 2 201 244 5 48 34 244 6 112 102 160
    240 67 201 44 153 136 42 181 165 28 192 39 78 30 5 214 104 24 18 67
    251 96 93 24 87 124 195 97 199 244 72 18 29 161 32 12 89 16 36 20 6
    5 215 7 0 80 4 132 109 72 8 64 177 0 193 161 96 0 32 128 6 114 88 0
    165 180 1 14 77 48 32 166 130 72 223 39 64 210 4 212 253 41 8 64 241
    0 201 227 101 16 34 160 4 112 104 34 24 32 32 13 81 16 96 44 52 13
    151 1 2 16 128 128 68 12 8 32 128 0 195 201 32 48 64 128 74 67 65 34
    24 32 32 12 81 18 32 12 164 13 151 3 2 80 130 132 76 12 12 32 192 0
    194 233 32 1 64 128 66 3 67 176 173 123 140 68 185 143 238 81 130 21
    209 188 94 106 197 71 121 149 150 72 255 96 79 43 254 76 132 64 213
    218 73 168 21 153 47 217 129 130 206 240 132 40 188 214 194 164 3 34
    250 12 7 73 234 241 28 16 15 191 22 4 31 245 30 158 254 80 131 251
    52 214 247 183 118 178 10 189 230 143 39 255 165 144 180 248 33 226
    123 223 85 71 231 244 236 71 83 8 163 62 17 194 75 34 117 200 202 0
    240 246 176 116 80 229 53 141 169 130 110 239 161 62 142 136 20 38
    52 100 255 108 2 190 169 176 94 70 57 194 196 149 46 234 55 157 217
    227 149 149 108 207 210 234 178 118 158 155 142 116 186 30 13 211
    195 88 224 156 236 153 127 89 112 68 153 210 253 253 48 8 54 94 199
    52 62 81 6 249 98 204 90 145 201 53 189 133 101 107 156 91 194 232
    86 113 177 90 211 72 156 161 89 128 66 255 255 38 111 23 44 203 193
    124 117 139 210 164 56 34 97 169 22 11 139 88 22 164 216 239 193 13
    144 132 95 140 135 141 170 178 77 159 228 70 169 180 119 142 22 225
    8 186 120 91 52 157 242 156 86 21 100 5 250 217 76 0 31 26 131 24
    162 104 91 119 111 143 20 113 91 136 71 138 107 5 35 74 169 55 143
    125 4 44 141 204 212 133 185 36 92 2 91 46 145 3 112 28 243 28 40
    248 82 206 162 249 38 225 55 83 203 199 173 101 143 53 97 18 8 71
    236 165 45 50 2 154 83 252 58 84 45 26 87 66 67 10 229 180 13 55 59
    72 186 115 31 95 6 235 29 236 156 189 242 32 151 95 93 61 145 11 172
    16 106 29 45 253 150 247 167 243 74 116 170 92 169 63 159 23 132 230
