<?xml version="1.0"?>
<opencv_storage>
<descriptor type_id="opencv-matrix">
  <rows>471</rows>
  <cols>32</cols>
  <dt>u</dt>
  <data>
    39 7 67 168 110 35 174 80 140 106 249 238 5 142 185 64 126 137 94
    239 133 163 68 192 52 0 170 184 61 251 177 149 225 78 123 200 110 9
    239 82 233 74 188 238 153 14 181 112 110 129 95 238 193 35 36 202
    116 25 170 168 125 243 99 249 233 95 107 204 108 9 239 86 237 74 188
    238 153 11 177 112 110 161 95 238 193 7 100 202 246 25 170 184 93
    144 99 249 201 123 122 233 108 137 237 87 237 80 94 230 189 139 240
    98 102 41 126 76 195 24 230 209 214 217 170 160 30 136 97 169 9 9
    110 233 44 139 105 23 239 17 118 230 191 137 240 106 102 45 62 92
    195 184 39 209 198 249 50 192 44 136 193 57 1 139 223 253 36 139 104
    23 63 81 118 224 189 131 176 120 102 43 63 156 211 248 39 213 198
    251 114 128 14 128 225 169 1 136 155 253 52 168 57 23 62 73 82 116
    189 187 160 73 231 59 63 152 147 216 3 213 204 254 122 192 156 128
    161 169 129 140 203 189 180 170 96 55 126 67 114 240 179 163 144 96
    115 46 46 12 179 252 69 127 204 190 54 192 156 192 192 41 11 159 50
    187 182 175 58 183 31 73 90 118 172 250 162 64 247 59 31 17 182 152
    1 255 174 223 62 194 152 204 161 137 10 143 18 185 180 171 122 183
    127 1 94 244 237 106 176 64 183 43 14 17 178 152 5 255 172 118 58
    192 158 196 137 9 10 159 55 217 244 180 185 119 63 89 94 178 172 166
    164 229 239 59 183 136 179 152 35 245 12 250 186 194 16 128 165 253
    10 141 102 217 180 186 105 183 63 1 94 176 173 167 180 68 119 43 39
    156 178 152 101 247 78 127 186 192 150 132 161 233 137 157 126 89
    176 152 109 39 124 65 126 176 189 254 182 97 119 59 182 136 243 248
    39 255 4 255 50 192 20 128 161 253 248 157 250 93 151 146 135 127
    116 71 254 22 107 121 6 1 121 230 228 168 249 250 117 175 58 239 180
    0 111 64 234 26 162 111 199 85 168 154 109 55 55 226 82 196 33 164
    128 197 78 238 127 140 233 216 229 140 36 234 246 128 39 220 164 253
    8 144 238 251 76 169 97 17 246 115 247 23 243 200 156 104 105 166
    127 28 147 244 255 243 94 239 178 192 237 139 240 216 131 184 75 145
    110 201 169 87 174 81 246 254 189 172 144 34 111 187 127 141 147 124
    230 195 148 18 250 232 108 136 35 185 25 58 199 189 106 143 105 95
    63 248 214 230 157 130 178 208 127 47 126 28 129 218 231 208 156 233
    183 160 190 140 33 217 120 34 80 54 41 136 88 64 171 160 176 137 239
    194 68 150 162 231 236 128 12 67 130 224 146 248 7 59 106 132 106 6
    83 136 132 189 45 24 64 174 175 49 130 242 198 162 132 214 225 198
    236 1 13 73 199 241 156 242 222 82 24 44 153 4 1 46 71 25 242 162
    105 119 180 129 98 246 89 227 176 81 115 111 2 172 177 208 4 78 44
    46 191 128 173 208 163 160 17 79 203 236 52 166 111 115 86 136 218
    70 113 227 176 96 114 238 62 172 169 179 4 143 240 175 163 128 53
    234 240 33 176 192 12 107 8 13 220 232 13 50 161 1 83 73 60 1 216 0
    2 102 74 54 90 21 193 152 65 52 88 10 66 130 9 10 204 93 16 154 97
    19 118 65 118 244 179 1 146 108 72 172 110 156 153 248 231 1 70 42
    240 192 111 128 80 248 2 172 62 82 40 252 26 162 172 31 143 16 222
    231 96 0 133 87 237 10 0 73 43 32 219 199 63 197 64 67 37 99 48 34
    10 12 76 3 162 72 86 160 195 74 66 192 113 64 120 140 106 42 8 82
    207 30 20 36 11 40 117 10 50 160 2 168 18 155 89 153 178 192 159 0
    65 1 236 202 101 132 217 43 130 3 6 248 26 255 5 22 27 43 80 15 9
    142 2 136 22 159 77 217 178 198 159 20 64 3 172 210 39 196 201 123
    163 65 6 218 74 249 133 18 26 43 18 13 45 142 74 48 54 201 105 95
    176 72 190 236 214 9 204 215 66 68 252 157 251 0 4 211 235 208 215
    113 11 187 2 12 39 211 115 48 62 200 105 31 176 88 174 104 214 8 214
    214 34 113 236 156 127 32 172 67 243 220 215 51 3 58 80 12 35 211 39
    53 55 137 248 15 50 88 38 232 216 106 212 148 128 96 252 221 123 116
    129 211 233 158 60 38 39 178 144 10 34 241 52 97 7 173 72 11 38 216
    38 168 251 106 211 131 137 64 120 204 110 98 73 179 201 152 180 160
    35 20 113 187 34 160 43 114 160 137 121 95 179 120 45 108 246 14 202
    164 6 212 252 188 255 96 141 179 243 216 183 245 3 187 83 46 6 215
    216 116 81 229 35 75 116 112 57 10 178 41 95 31 0 16 182 149 205 162
    104 215 145 202 243 209 35 3 98 240 39 51 82 19 151 156 59 194 27
    104 175 12 202 163 204 247 32 66 246 117 253 225 8 195 131 204 241
    242 202 155 16 38 37 115 16 50 70 201 74 131 96 120 55 48 242 226 81
    131 160 113 124 140 126 128 136 211 199 212 28 224 227 192 43 136 96
    145 104 96 18 237 104 139 97 81 36 32 246 10 145 131 128 208 104 172
    123 136 0 251 195 192 22 233 51 136 99 136 32 169 73 32 34 201 76 27
    35 88 102 100 214 14 129 128 146 100 104 140 122 204 129 247 231 210
    22 109 131 136 42 141 56 196 66 32 2 153 77 201 160 70 172 16 194 3
    164 138 64 90 232 129 106 145 6 11 194 209 148 48 26 27 0 8 43 142
    10 141 170 222 221 199 191 230 190 7 206 18 232 232 54 64 249 107
    187 129 50 187 22 255 127 63 159 65 149 92 189 138 157 76 111 231 38
    34 111 112 116 194 247 178 83 103 177 123 126 228 63 238 169 244 45
    234 214 235 227 128 37 251 112 49 24 153 86 78 121 199 95 248 167
    192 252 13 126 247 34 20 252 255 255 206 73 139 26 253 251 253 133
    24 122 166 34 115 90 189 63 190 187 211 94 174 191 204 206 35 254
    254 34 240 243 251 253 195 78 11 186 253 251 247 143 219 48 38 45
    123 50 73 99 206 86 195 207 116 197 4 252 162 112 221 180 100 124
    248 23 235 202 187 40 253 115 44 138 136 119 138 116 232 229 48 157
    115 236 237 121 152 187 191 183 88 222 211 73 58 139 69 110 24 34
    116 251 82 207 223 119 252 192 209 195 33 39 229 13 207 252 7 207
    248 151 232 249 206 211 238 189 97 220 204 126 239 249 35 91 254 189
    155 175 188 93 251 240 144 101 245 129 170 252 79 70 184 95 234 184
    76 210 120 93 48 217 202 94 110 137 98 251 190 191 222 165 60 216
    251 82 225 218 253 190 182 188 141 189 247 190 190 146 33 191 255 98
    67 231 119 255 65 96 77 155 255 249 243 127 186 20 92 165 123 238
    182 46 178 201 164 153 71 169 151 135 157 8 207 70 27 237 177 251
    149 60 79 178 192 91 83 222 239 131 68 182 114 234 50 189 254 105
    100 153 94 139 31 148 16 172 239 41 91 206 211 173 129 34 67 242 225
    83 177 218 155 145 80 39 106 106 210 61 250 45 4 29 57 143 63 149
    150 76 175 40 65 197 149 175 130 104 7 122 213 211 179 218 252 18 8
    165 98 132 140 65 59 134 168 100 150 172 18 106 80 177 195 233 73 97
    42 10 30 83 156 78 115 196 160 54 0 248 208 193 136 210 145 93 234
    138 192 19 169 132 81 233 178 89 119 168 113 114 147 168 224 123 11
    63 245 240 160 202 79 61 3 165 50 66 174 157 248 58 224 25 138 162
    89 174 160 193 103 128 114 75 213 237 176 59 11 235 117 248 165 170
    221 176 128 38 51 141 68 28 33 165 27 148 184 68 250 150 30 223 8 90
    171 153 65 238 35 253 100 77 18 136 67 101 117 78 124 217 21 158 16
    44 162 173 157 217 248 197 188 151 31 79 77 91 9 143 128 223 119 184
    101 127 148 219 91 65 215 54 143 20 115 133 172 219 250 172 161 44
    250 206 146 16 80 189 227 232 67 135 43 6 14 35 68 10 240 200 152
    111 168 156 240 33 161 205 52 237 227 172 110 121 24 27 251 23 124
    223 125 216 59 151 68 125 62 185 84 169 130 206 219 101 244 142 235
    147 113 104 34 24 32 32 13 81 18 32 172 36 13 151 19 2 80 128 4 77
    12 8 97 128 0 194 201 33 48 72 128 66 67 96 34 24 32 40 13 81 16 34
    44 180 13 23 1 2 16 128 132 77 12 8 98 208 16 195 201 33 49 72 128
    74 67 7 152 173 185 156 68 169 190 22 81 66 17 241 124 92 107 205 87
    121 149 179 220 251 37 77 42 254 68 132 0 213 250 11 42 214 17 239
    219 49 83 255 117 86 48 140 212 226 172 3 46 250 24 7 212 102 144 6
    83 17 163 54 140 156 229 18 158 254 80 210 211 180 247 255 183 118
    187 10 189 103 25 167 255 135 145 180 255 32 234 123 30 85 71 229
    240 228 79 115 4 39 76 57 102 79 98 161 200 202 0 82 246 180 116 216
    228 93 173 169 131 36 78 177 62 138 146 4 102 54 100 58 34 97 169 22
    3 139 88 22 164 212 171 129 77 146 132 94 140 135 141 138 178 205
