<?xml version="1.0"?>
<opencv_storage>
<descriptor type_id="opencv-matrix">
  <rows>493</rows>
  <cols>32</cols>
  <dt>u</dt>
  <data>
    109 177 121 98 213 79 91 252 115 96 108 12 91 87 90 48 188 204 85
    126 219 50 249 159 255 221 5 108 106 130 66 122 11 157 51 153 183
    245 186 215 31 73 88 119 188 158 38 228 255 59 151 21 183 152 48 247
    143 86 186 226 158 76 169 223 11 141 74 185 180 187 250 55 63 65 94
    245 173 42 178 196 87 43 191 157 182 152 101 255 174 127 186 192 158
    196 185 93 11 143 74 185 176 187 120 55 63 13 94 183 173 175 178 64
    247 43 151 149 182 152 69 247 238 127 186 192 158 132 169 217 9 157
    87 157 117 251 100 119 124 65 94 18 188 176 160 228 106 46 190 8 243
    184 117 239 38 127 50 2 14 204 161 189 116 171 250 112 218 201 83
    215 162 181 172 169 23 135 66 16 39 251 69 80 26 75 138 48 251 133
    37 125 224 130 134 99 252 96 68 189 13 29 92 104 181 182 145 27 207
    138 73 219 232 213 239 227 108 71 219 144 147 241 203 63 50 125 124
    2 118 49 18 174 89 199 146 104 169 192 169 9 74 218 37 148 248 237
    202 99 13 35 216 206 177 116 3 59 73 63 106 22 116 161 128 148 201
    41 96 202 59 181 170 27 202 224 74 222 105 206 234 144 30 107 223 66
    156 36 215 127 193 104 106 6 100 4 196 145 141 41 64 10 175 179 170
    152 199 34 65 218 107 196 238 128 12 71 207 192 148 182 215 53 128
    124 73 4 118 44 6 15 11 75 166 232 166 164 194 6 192 224 1 215 104
    236 234 226 32 211 219 125 189 34 79 17 1 103 55 132 117 93 79 238
    54 2 79 248 101 192 254 230 115 99 177 113 126 228 62 238 233 147 45
    44 242 170 231 128 61 187 112 49 16 157 15 238 148 231 111 247 132
    73 218 66 181 119 160 96 126 242 31 200 91 153 49 191 249 175 174
    192 52 202 180 56 113 221 95 110 180 134 111 183 224 200 234 68 115
    113 176 113 116 230 124 238 201 171 180 45 240 169 102 0 105 242 226
    56 17 143 75 125 182 170 111 55 124 1 122 228 183 161 176 112 51 110
    46 12 145 184 5 111 236 174 54 192 236 192 225 40 48 173 2 13 26 139
    2 111 54 161 202 0 102 192 32 80 88 238 74 32 26 139 65 31 184 38 5
    88 112 10 162 136 240 75 71 164 12 10 70 32 229 160 162 74 115 32 1
    83 104 228 108 234 104 231 197 44 176 162 199 16 97 58 114 0 240 73
    71 229 4 10 78 32 229 128 178 66 243 35 16 83 106 229 108 234 104
    225 197 236 176 234 198 16 33 178 96 8 69 163 197 67 252 43 105 25
    126 49 57 216 211 67 216 56 19 14 110 60 19 120 207 17 140 156 53
    116 220 202 211 160 1 163 17 251 252 173 105 191 78 57 57 124 158 67
    216 32 151 11 78 28 147 104 75 213 140 156 55 252 152 138 195 161 24
    32 22 169 73 15 48 64 166 40 195 2 151 128 32 90 236 156 106 0 2 179
    211 208 149 225 2 112 64 8 32 128 24 0 76 225 4 141 97 16 36 25 247
    0 155 3 16 91 96 140 110 152 10 184 67 0 198 233 178 64 32 136 96 2
    200 128 190 115 44 170 105 23 237 17 167 16 255 3 144 91 131 38 108
    24 154 237 243 69 198 251 114 80 192 128 193 9 104 188 182 240 45
    189 112 55 251 123 182 88 190 189 86 59 133 35 125 12 178 109 242
    211 219 219 84 58 194 76 195 75 216 184 62 250 9 252 81 87 251 91
    165 28 190 159 98 123 165 51 253 16 50 111 178 209 219 251 82 123
    210 0 167 123 32 37 34 12 89 223 146 104 215 172 236 9 66 200 38 148
    216 40 194 97 76 163 8 31 59 20 5 59 83 14 110 198 10 141 42 189 21
    247 176 103 31 69 94 3 172 188 50 64 201 43 147 1 22 152 113 223 7
    119 154 67 150 76 189 222 56 201 106 222 93 211 207 228 199 4 236 2
    49 217 52 100 88 232 19 202 74 171 62 189 115 109 130 9 119 155 116
    170 57 219 107 78 114 147 238 245 85 72 124 230 57 135 180 244 126
    250 150 232 203 186 36 253 122 237 166 192 119 154 232 189 2 156 19
    217 19 230 184 103 60 9 74 114 188 183 32 96 247 59 19 128 51 152 17
    223 45 166 154 194 24 0 161 187 117 233 202 76 88 133 67 232 230 128
    168 8 115 192 120 48 80 236 104 122 74 35 158 61 121 172 5 124 112
    162 98 32 57 233 66 108 92 131 66 248 197 0 252 74 115 193 53 16 120
    168 6 106 73 163 12 61 114 205 33 56 123 187 106 136 33 203 79 93 60
    137 109 182 126 9 122 228 179 224 144 112 202 106 110 76 203 184 199
    63 164 190 50 136 92 152 208 168 34 237 96 26 221 221 180 231 223 93
    56 27 168 188 118 164 201 107 195 17 214 107 254 247 63 28 30 107
    213 28 223 206 26 221 42 184 157 197 156 230 158 29 220 147 172 191
    34 64 205 59 187 129 94 11 82 247 251 87 158 251 20 92 189 218 6 180
    156 184 173 233 176 75 158 63 137 51 140 191 106 10 203 27 235 17 54
    77 202 210 221 215 90 127 144 73 141 195 220 109 63 118 49 206 119
    240 253 168 239 8 223 243 1 115 178 244 108 106 104 241 185 46 243
    255 69 16 98 243 103 35 88 149 156 117 185 234 21 47 178 63 170 56
    255 55 0 91 129 119 236 0 56 201 195 7 233 231 116 81 128 64 135 43
    216 237 159 116 153 204 87 166 177 174 170 8 247 179 1 19 129 246
    108 64 104 201 211 46 251 247 85 17 66 112 135 42 252 109 159 119
    169 79 87 176 251 162 175 8 215 241 1 51 144 244 108 106 104 241 217
    46 251 251 69 49 98 251 70 34 43 57 99 232 125 221 251 80 207 76 245
    10 40 220 54 244 254 185 151 197 199 179 50 221 23 221 130 171 119
    142 118 215 2 50 114 137 115 147 184 67 63 13 86 231 172 158 166 68
    238 57 151 145 150 152 1 223 6 116 154 195 22 12 45 223 186 241 174
    186 173 209 216 204 143 53 149 59 15 221 126 11 239 145 253 209 78
    99 138 145 219 209 223 255 55 12 61 83 59 201 99 222 93 209 206 228
    197 64 220 130 32 200 182 228 72 232 147 207 207 171 38 253 50 44
    138 136 63 158 120 220 74 177 176 17 251 221 176 143 43 125 44 25
    172 60 78 158 135 95 241 17 22 104 242 241 15 84 28 127 194 68 143
    223 88 16 156 240 169 228 121 19 175 25 190 0 158 191 66 90 165 23
    253 16 18 73 147 192 203 255 122 155 128 64 165 3 145 91 127 237 38
    66 111 180 100 200 118 230 251 85 177 97 126 244 31 238 233 176 37
    236 230 169 162 128 45 179 112 121 51 201 99 222 93 209 198 228 197
    64 248 34 32 216 180 228 72 234 19 75 207 43 110 191 50 44 132 170
    119 159 112 236 34 205 32 158 221 149 190 231 31 65 88 7 168 168 54
    196 200 43 147 197 86 58 82 247 39 60 158 75 31 28 249 222 1 158 156
    249 232 173 61 151 190 31 88 112 188 163 224 75 135 123 46 16 178 88
    2 243 78 159 126 200 144 208 161 137 131 93 103 158 44 84 207 246
    221 74 212 98 56 252 183 97 234 226 31 207 229 173 38 239 51 58 234
    136 21 189 112 237 200 58 188 117 41 13 113 19 191 63 178 29 223 159
    66 91 133 149 237 0 170 109 211 129 199 251 113 16 194 128 71 51 182
    66 111 226 44 71 223 200 141 188 177 11 74 77 61 9 216 209 79 115
    104 103 72 252 243 144 205 183 69 59 116 99 96 34 56 224 44 13 81 16
    33 172 182 9 151 3 66 16 132 132 109 12 8 96 192 0 195 217 33 49 96
    136 70 99 112 34 236 165 40 72 81 16 36 164 166 137 215 39 2 82 0
    196 109 4 8 66 193 0 209 227 32 17 32 160 70 98 108 162 200 32 168
    13 89 152 34 188 164 9 199 7 66 18 141 196 237 20 10 66 203 16 223
    193 37 125 96 136 78 66 112 48 173 164 8 78 85 56 162 254 134 173
    215 117 66 83 197 213 125 163 40 67 219 8 217 227 237 157 160 112 6
    114 124 160 172 164 136 107 93 136 34 246 134 169 215 39 75 26 1 213
    237 179 8 67 203 0 219 227 237 61 160 240 6 114 92 176 189 178 139
    96 28 136 179 183 129 185 79 247 73 218 215 215 253 147 30 67 219
    160 219 227 221 127 162 117 166 82 83 58 58 30 42 217 16 64 174 92
    132 173 230 204 230 18 167 99 236 5 134 67 190 49 154 193 43 187 88
    12 47 87 114 234 25 26 106 201 19 200 139 52 160 41 102 214 100 16
    171 249 203 66 66 99 202 113 249 16 5 59 80 26 7 163 67 184 175 95
    137 212 188 167 255 87 70 149 232 252 126 239 133 103 251 141 183 73
    191 241 15 123 222 75 143 196 253 222 212 68 30 251 132 110 71 144
    180 22 135 16 215 19 9 75 97 198 93 106 104 197 25 46 225 163 98 84
    48 209 161 34 97 168 129 152 109 77 129 202 202 248 160 8 182 208 86
    150 201 75 106 29 11 107 250 81 157 16 15 60 88 40 83 224 73 48 25
    225 32 14 105 16 44 72 118 96 223 23 128 116 22 28 124 8 129 144 161
