<?xml version="1.0"?>
<opencv_storage>
<descriptor type_id="opencv-matrix">
  <rows>568</rows>
  <cols>32</cols>
  <dt>u</dt>
  <data>
    136 62 111 217 234 171 111 222 55 106 254 246 217 199 176 116 127
    254 127 140 129 210 229 242 118 105 167 128 111 216 240 177 25 60
    111 203 238 27 127 218 87 106 222 246 219 164 148 96 127 206 126 14
    253 243 239 178 246 235 167 128 61 219 184 241 59 54 78 175 232 11
    111 220 55 226 254 246 91 172 178 224 127 206 255 3 225 211 111 242
    180 235 47 128 101 218 160 241 124 62 118 239 233 31 111 216 119 42
    246 54 73 171 146 240 111 206 255 139 248 243 235 250 246 235 39 128
    231 220 232 129 6 60 126 171 234 107 63 216 191 234 214 246 217 246
    166 64 127 223 127 131 177 211 191 254 52 123 39 144 12 221 165 241
    216 116 38 175 73 29 54 252 180 234 214 27 200 247 34 212 125 220
    255 162 168 215 203 234 159 123 199 139 2 189 41 209 90 180 34 223
    105 57 54 250 181 174 215 58 202 229 38 212 253 254 255 130 172 215
    235 202 158 123 71 143 130 236 45 215 110 181 166 159 233 123 180
    239 63 119 220 139 204 252 62 212 255 223 251 1 36 211 251 240 63
    115 71 187 150 92 175 215 122 48 58 187 105 221 178 72 174 124 245 9
    172 222 2 80 237 157 251 3 6 67 251 241 151 113 11 187 18 15 47 215
    40 58 38 249 105 223 113 94 55 236 214 46 155 157 210 112 110 188
    255 12 136 219 243 144 87 233 51 169 54 140 38 249 57 50 111 105 106
    75 105 88 119 104 246 230 211 156 144 96 126 140 127 12 129 240 239
    16 86 233 35 160 117 136 98 241 216 50 108 177 44 14 121 16 61 110
    182 53 207 14 18 89 239 133 253 133 172 229 225 192 214 251 250 145
    96 12 127 83 104 52 113 209 237 89 245 67 57 111 246 58 154 61 148
    188 111 151 223 129 57 107 241 194 191 223 182 187 199 72 230 243 41
    52 49 193 207 93 180 95 79 234 254 26 158 188 64 164 235 155 254 0
    113 99 251 210 63 217 7 58 215 88 229 247 9 177 37 153 237 255 108
    222 95 120 90 68 254 220 118 224 209 78 62 13 135 114 123 149 63 123
    3 44 26 220 240 148 138 59 102 221 224 187 238 220 189 76 214 246
    233 206 180 196 126 235 255 198 138 147 167 225 182 123 167 128 39
    220 169 213 43 116 102 235 233 127 191 222 127 110 254 147 201 206
    54 228 255 223 255 130 164 211 111 242 119 121 6 131 83 223 172 245
    14 60 46 251 233 95 176 250 191 124 214 63 206 190 182 233 239 223
    255 1 177 251 251 240 255 123 119 131 194 204 173 215 14 184 190 219
    233 95 191 216 191 111 214 63 216 190 166 224 239 223 255 3 164 219
    235 242 87 127 191 179 134 92 173 223 121 50 136 160 169 29 80 29 43
    61 162 93 207 11 74 154 205 135 236 21 30 67 209 0 154 209 21 53 202
    204 138 18 81 34 24 160 36 29 88 16 108 40 178 77 215 11 2 80 132
    133 108 5 140 112 193 0 198 249 33 176 104 136 11 1 81 34 24 161 36
    28 104 16 109 40 178 76 207 2 146 210 196 197 108 13 140 64 193 0
    196 249 42 144 8 128 11 1 120 35 0 169 41 153 82 8 175 172 186 237
    175 202 0 210 200 229 237 64 14 67 195 129 146 245 1 59 72 14 74 2
    54 198 236 183 140 35 207 184 150 246 153 215 195 108 95 11 221 199
    125 247 252 101 111 184 232 3 239 149 181 255 212 80 199 212 165 159
    141 116 140 172 223 211 131 87 216 124 95 239 221 71 249 191 183 69
    255 224 169 122 223 94 156 117 185 84 9 24 23 213 99 142 32 82 252 8
    98 64 220 211 160 228 38 61 122 8 1 153 19 228 133 186 10 2 10 0 33
    177 247 124 237 84 205 126 215 191 83 230 172 159 98 108 87 55 29
    246 241 39 237 110 253 174 123 95 213 183 239 252 214 94 231 252 233
    86 222 103 159 254 27 242 188 155 80 125 93 59 157 215 81 247 233
    103 250 234 59 30 205 190 197 253 210 255 24 156 19 255 17 214 103
    182 53 130 78 64 255 119 32 244 112 126 172 136 41 216 49 47 161 239
    66 0 34 224 33 40 254 165 237 118 229 54 94 187 81 178 63 26 91 121
    93 63 217 198 21 171 248 118 121 202 107 219 213 36 231 249 208 38 8
    132 53 185 145 229 161 167 30 49 66 16 188 247 40 64 193 27 59 17 50
    216 91 23 237 135 62 68 144 8 133 170 205 52 237 85 165 126 127 186
    116 255 71 16 217 125 155 107 21 68 57 42 176 212 125 14 79 239 245
    132 166 245 84 96 246 112 157 226 139 101 23 200 130 186 129 43 84
    255 105 43 157 209 249 243 43 71 218 176 249 195 205 191 169 123 38
    51 2 168 184 153 204 237 177 199 158 61 81 27 180 220 102 8 137 59
    83 17 22 122 218 113 77 16 30 111 208 72 151 202 112 142 140 191 140
    33 77 191 22 23 128 159 225 99 90 75 77 195 237 149 190 78 207 51
    200 167 255 253 180 216 184 74 112 97 72 232 13 9 82 104 41 32 176
    11 3 139 4 80 216 149 79 226 8 35 194 156 210 240 129 59 113 11 110
    2 49 69 79 109 23 67 103 104 100 0 235 2 83 97 49 112 120 228 10 238
    73 179 53 28 241 173 129 0 113 170 112 32 241 65 79 109 13 74 71 120
    96 224 226 10 83 65 17 113 120 196 104 106 105 183 253 12 241 170
    197 20 101 187 114 32 21 7 71 37 22 10 110 112 116 128 251 194 81 99
    185 112 122 236 14 238 169 177 13 78 176 174 163 132 109 163 113 32
    112 36 66 160 87 11 98 64 121 36 251 11 11 136 4 16 120 140 70 34 12
    178 205 224 182 208 0 43 97 15 106 6 95 97 114 164 83 87 127 224 45
    228 222 139 205 174 19 84 182 221 255 231 4 147 189 206 247 117 11
    135 39 55 39 70 78 9 166 158 13 198 182 104 191 132 202 3 236 233 33
    194 248 117 235 211 64 227 155 232 185 118 207 11 2 127 53 2 10 205
    150 191 9 205 182 166 159 22 72 1 236 249 32 195 201 115 235 67 96
    105 91 253 37 114 95 27 82 126 13 138 201 184 58 250 41 156 17 80
    235 81 164 28 190 219 66 56 135 35 124 16 11 111 186 245 219 217 19
    122 90 0 43 74 73 130 156 63 172 46 100 63 250 31 182 89 207 41 154
    90 161 70 108 13 148 233 131 69 207 255 112 197 192 224 219 65 244
    80 204 49 2 74 97 8 54 22 230 153 211 93 2 91 105 212 237 147 108
    212 77 16 197 227 244 21 101 16 94 82 126 52 50 11 57 83 18 232 36
    104 199 33 66 240 46 213 216 76 251 98 172 147 137 10 51 102 1 151
    82 111 62 199 143 23 103 131 166 54 184 17 29 109 83 247 205 14 190
    237 247 5 183 167 181 144 45 196 14 114 235 198 15 175 177 85 66 196
    140 189 137 32 28 175 142 23 138 149 236 47 10 74 199 71 233 5 4 73
    195 193 192 55 222 23 128 116 141 90 10 205 148 191 137 205 182 166
    159 22 72 17 236 248 32 199 137 115 235 67 100 200 91 255 165 114 95
    3 80 124 141 142 76 108 158 254 137 246 182 128 186 150 234 0 236
    250 97 202 193 119 232 82 20 203 218 234 59 247 79 27 128 115 45 2
    100 233 172 95 25 201 79 168 159 148 109 8 243 227 89 18 17 234 106
    90 74 96 235 61 239 191 5 57 112 179 70 160 76 76 158 63 137 252 22
    134 158 150 106 1 236 242 99 219 193 119 234 82 36 233 219 106 175
    247 87 27 208 113 13 138 125 115 71 174 60 7 238 120 22 224 217 198
    83 204 185 96 126 236 127 238 201 243 255 156 178 110 167 28 125 191
    114 208 202 58 34 153 107 151 168 82 239 122 242 247 168 134 212 222
    109 191 255 133 130 255 215 192 22 120 19 130 107 140 33 213 74 36
    182 185 105 233 48 75 39 13 222 27 236 150 80 248 237 159 251 17 2
    219 195 208 23 245 19 139 130 76 173 199 61 120 111 109 104 75 111
    88 117 238 246 142 83 135 147 112 124 252 127 234 201 247 247 232
    118 233 35 136 99 185 96 241 10 186 50 153 107 217 48 79 47 109 212
    189 140 148 38 198 238 31 251 1 134 219 227 209 23 49 27 171 18 12
    175 223 162 216 120 94 109 221 179 238 223 94 116 10 170 252 190 100
    204 90 182 74 227 44 58 247 7 218 82 58 95 24 77 189 169 24 49 220
    109 212 131 74 221 74 208 2 170 220 183 237 200 123 182 67 165 47
    118 187 17 121 202 26 21 61 117 253 215 28 79 178 160 226 107 114
    176 202 211 227 81 247 179 123 110 229 61 206 185 207 194 238 218
    235 239 136 173 227 50 113 191 92 167 188 77 244 222 82 217 202 208
    66 56 220 55 235 200 233 181 199 173 199 246 232 19 121 202 138 31
    125 120 213 32 150 21 213 77 111 161 38 14 183 30 18 132 36 32 99
    193 42 42 0 48 184 51 148 5 146 82 112 16 72 85 248 86 203 173 170
    142 205 94 172 143 125 152 15 239 236 42 66 229 195 255 103 222 9
