<?xml version="1.0"?>
<opencv_storage>
<descriptor type_id="opencv-matrix">
  <rows>231</rows>
  <cols>32</cols>
  <dt>u</dt>
  <data>
    65 32 148 5 8 15 96 40 110 160 130 72 215 34 64 214 1 196 106 12 9
    192 203 72 140 162 71 16 8 32 11 32 87 111 142 166 136 22 30 188 176
    226 139 197 205 234 91 210 247 229 237 231 236 195 159 42 248 231
    239 148 172 247 171 16 215 79 142 190 152 54 78 188 182 194 138 197
    193 234 59 195 245 231 125 239 252 193 223 174 184 231 207 148 168
    119 184 20 80 157 91 164 162 66 23 55 0 192 90 166 60 55 160 64 230
    247 149 224 73 139 48 205 241 161 174 130 44 96 164 123 182 23 32
    160 157 83 214 248 21 110 176 15 78 76 35 1 217 193 143 99 236 35 88
    190 179 208 5 191 119 61 36 87 228 16 61 240 237 68 89 144 138 156
    149 26 156 223 97 75 205 145 107 18 32 103 250 240 219 145 207 125
    144 9 5 98 27 159 106 140 87 151 190 247 28 73 90 231 44 174 182 192
    126 43 151 197 199 152 4 255 50 111 174 131 63 12 185 223 35 143 98
    156 245 145 190 231 157 69 92 135 40 172 182 196 238 171 147 197 214
    154 6 253 62 60 158 203 31 140 248 220 35 141 34 152 213 149 190 231
    95 65 92 131 168 172 54 196 200 43 147 69 214 58 118 255 47 60 158
    107 23 12 248 222 88 48 174 37 12 75 81 8 102 228 134 141 215 44 18
    82 160 197 237 5 12 65 245 0 211 227 107 17 96 44 86 82 221 148 159
    54 130 112 117 189 113 83 71 16 87 114 139 123 51 70 108 58 53 196
    191 34 202 227 87 13 170 241 169 118 75 138 135 55 112 158 104 242
    183 72 70 64 237 226 242 244 55 110 118 140 135 216 170 237 140 250
    126 128 2 132 43 237 61 101 169 164 157 55 198 216 83 238 189 15 83
    104 91 8 89 206 2 255 172 99 125 138 251 79 133 60 235 255 248 64 88
    168 188 114 8 76 81 152 162 52 166 9 151 211 2 18 128 20 109 24 8
    105 146 0 203 235 112 57 64 128 70 106 28 149 61 225 186 6 157 51
    136 164 142 35 221 55 0 66 7 21 89 49 80 129 65 156 233 197 111 84
    162 234 133 227 177 140 37 63 149 111 70 175 117 99 104 17 115 61 24
    49 25 206 20 44 121 248 125 63 167 238 84 64 114 212 194 104 157 105
    193 219 136 7 207 216 86 128 225 78 209 82 153 173 94 201 18 238 233
    210 92 56 128 138 203 60 127 251 2 132 201 80 255 94 65 212 76 29
    243 81 103 208 115 199 184 124 84 144 164 26 207 20 62 129 99 251 84
    8 50 146 228 124 15 144 177 225 48 70 72 56 15 225 3 96 220 23 208
    228 151 29 21 60 145 144 89 214 137 222 9 230 158 162 0 49 2 40 243
    117 2 66 185 0 138 224 66 130 221 189 53 42 38 125 49 201 1 208 180
    64 71 168 74 0 101 162 5 240 109 129 45 95 129 28 76 49 53 25 103 64
    243 87 152 253 92 144 180 234 203 144 123 53 231 251 192 0 115 138
    196 52 30 48 177 225 50 71 17 25 39 233 18 96 158 29 192 40 150 29
    53 17 137 208 113 136 201 216 41 130 134 36 21 115 254 84 229 119 45
    108 77 152 235 250 166 24 219 119 93 127 129 196 125 110 169 69 251
    160 131 250 85 52 138 245 80 114 0 26 189 177 40 173 57 18 174 95
    146 117 183 183 64 75 135 51 111 5 128 205 19 48 193 131 122 144 128
    64 5 121 146 210 117 79 114 26 189 61 125 52 103 242 233 6 132 181
    54 21 202 96 224 212 101 95 36 42 80 130 119 132 7 173 128 28 58 93
    208 238 117 119 124 74 102 16 48 183 38 113 237 58 2 136 161 184 48
    111 103 175 50 0 72 64 228 186 128 14 134 149 176 174 109 55 188 143
    78 85 164 35 2 81 129 38 73 12 48 220 0 78 228 54 86 1 128 192 129
    10 110 122 211 86 99 16 100 216 123 130 96 108 40 211 197 188 55 216
    178 202 195 118 190 227 22 30 84 42 203 244 98 189 235 20 86 94 75
    52 84 98 249 82 165 92 104 242 135 191 129 230 242 42 229 103 26 202
    18 122 80 27 74 244 106 29 96 191 219 100 242 12 87 255 35 133 108
    173 48 247 96 16 22 254 33 80 81 26 146 106 121 60 5 40 160 242 134
    59 122 18 170 37 17 118 81 18 19 239 214 175 11 173 195 188 20 188
    181 148 141 214 245 136 67 99 241 131 171 253 60 127 143 21 109 199
    38 42 173 56 8 242 31 246 217 100 155 107 54 68 61 175 129 208 253
    64 68 41 235 132 45 243 17 241 91 179 252 86 51 212 89 183 123 93 61
    181 40 61 158 54 167 83 149 28 151 72 187 225 107 223 52 199 206 132
    143 127 102 162 232 20 237 120 240 71 219 247 181 185 8 172 86 158
    137 239 227 149 150 107 230 194 30 87 221 235 199 108 222 198 1 34
    80 1 112 11 107 16 127 224 122 236 143 2 150 84 54 13 6 12 133 176
    101 90 4 156 35 128 76 130 67 133 49 38 97 33 116 11 235 56 118 228
    122 239 195 4 150 20 63 140 70 45 136 176 77 30 172 6 173 164 101
    142 82 245 247 117 94 46 43 18 86 232 177 194 164 45 79 210 39 151
    182 229 204 102 108 199 154 46 178 243 69 27 104 119 106 71 69 240
    25 99 32 77 67 152 34 104 34 108 215 83 200 80 145 92 108 74 3 80
    249 51 205 148 37 180 72 19 3 51 199 112 254 22 110 208 178 200 170
    210 133 63 68 220 255 11 162 101 250 119 37 71 158 224 24 27 79 63
    12 51 59 215 215 112 174 2 43 123 176 200 170 254 149 61 68 216 79
    11 179 69 251 119 165 71 155 64 16 3 73 255 201 99 27 215 247 112
    140 3 139 59 144 200 42 250 177 63 66 88 79 155 185 197 236 119 44
    103 223 0 146 66 65 63 201 127 11 215 108 49 25 98 25 79 67 56 96
    104 167 8 214 81 8 240 16 68 108 106 9 34 249 62 225 185 33 48 74 11
    66 50 105 32 17 103 5 94 67 16 97 224 231 8 91 17 9 180 24 196 192
    106 9 178 249 138 199 253 0 3 74 191 74 34 88 203 74 174 82 200 127
    180 39 5 78 161 51 195 34 80 112 186 135 192 74 24 8 61 246 229 162
    9 48 130 172 90 34 170 104 16 79 241 184 79 159 117 52 187 40 140 86
    8 203 27 195 21 54 126 102 247 31 23 154 107 215 12 223 222 116 191
    64 101 176 11 70 188 97 168 186 108 83 65 136 16 16 198 76 106 153
    168 201 61 168 204 37 84 104 163 194 33 156 93 26 250 189 237 87 222
    149 14 205 16 255 247 41 73 217 243 143 82 122 7 91 186 243 215 6 27
    146 91 164 34 113 34 132 164 13 15 64 8 99 172 162 76 195 0 72 150
    216 196 108 40 9 98 217 0 152 208 1 53 72 10 74 4 124 175 120 103
    178 11 119 190 54 166 254 232 115 103 128 16 63 254 108 106 120 184
    233 47 254 231 37 5 101 243 198 41 133 188 156 51 141 255 180 175
    254 243 32 28 246 248 86 171 129 79 104 17 183 109 219 55 173 223 87
    119 200 88 155 142 202 188 183 218 235 233 53 199 187 23 160 57 172
    247 64 31 135 251 235 16 50 79 250 241 157 210 87 123 146 68 135 235
    209 156 142 190 157 191 244 207 222 91 194 21 246 248 50 235 201 231
    126 21 191 237 219 183 155 251 223 82 152 73 185 22 31 22 230 163
    162 50 184 17 61 249 19 247 77 110 222 143 55 5 191 183 149 208 45
    196 14 83 235 198 174 231 25 85 19 223 71 141 22 147 190 119 21 64
    218 231 57 30 182 224 110 171 151 197 239 155 20 253 50 101 170 130
    61 140 185 221 19 159 110 173 22 134 191 119 12 77 94 231 45 46 178
    64 110 171 151 197 214 153 1 255 240 103 170 131 61 140 185 217 196
    16 188 242 77 100 177 136 138 190 133 27 156 223 105 75 201 81 123
    18 32 103 250 224 215 145 219 63 144 121 5 114 2 143 58 153 246 225
    185 103 30 13 92 163 172 174 50 64 255 59 147 145 18 184 32 223 109
    23 186 195 148 8 181 235 34 141 34 154 213 149 190 231 15 69 92 135
    40 140 54 196 204 43 147 197 214 186 118 253 62 28 158 203 23 12 252
    222 11 42 6 63 97 155 120 80 183 76 86 228 207 195 162 228 54 108
    238 12 133 209 174 224 134 250 3 130 106 132 43 213 3 58 190 223 48
    150 120 112 255 64 70 68 240 226 182 100 215 110 52 140 171 216 63
    253 139 186 210 10 8 130 97 253 88 32 27 100 41 236 81 19 163 157
    166 8 63 147 64 26 128 189 237 8 10 65 146 17 211 233 48 17 98 0 70
    98 231 240 185 90 137 205 151 205 139 113 161 24 190 220 76 58 141
    83 123 23 51 103 250 115 185 152 29 126 216 75 131 242 102 160 149
    128 168 65 9 136 35 176 160 168 214 115 64 18 199 213 109 144 11 67
    203 80 152 144 207 252 136 32 2 32 69 144 213 127 138 48 53 153 242
    223 167 116 80 115 203 123 55 86 104 50 182 69 251 96 78 170 117 78
    162 241 163 67 38 168 199 19 251 211 252 174 191 179 50 179 104 238
    84 155 171 231 243 149 54 201 143 245 30 90 221 199 197 116 248 12
