<?xml version="1.0"?>
<opencv_storage>
<descriptor type_id="opencv-matrix">
  <rows>382</rows>
  <cols>32</cols>
  <dt>u</dt>
  <data>
    40 156 177 220 125 253 151 206 223 30 156 10 170 188 181 101 201 83
    159 65 162 41 114 187 39 127 18 59 87 89 85 239 61 7 64 135 20 11
    110 40 109 32 243 202 203 2 152 148 122 132 78 110 104 176 77 140
    164 248 163 20 101 171 90 132 244 97 0 32 9 11 70 232 119 160 162 72
    67 64 9 212 216 204 108 98 72 103 201 30 176 128 5 60 104 58 98 0 77
    179 165 23 168 31 7 184 242 255 151 237 212 228 203 191 21 68 236
    126 163 64 239 25 108 19 101 252 138 247 0 117 165 188 132 19 221 61
    230 143 123 251 41 92 202 120 92 175 153 78 114 31 183 124 223 114
    46 30 85 118 202 125 219 132 124 239 92 103 186 75 87 252 35 188 189
    168 119 115 201 16 27 214 109 98 90 99 203 61 250 197 37 189 112 179
    198 43 95 31 134 166 152 38 78 152 54 163 139 199 201 234 91 202 117
    199 237 247 189 195 159 106 184 231 207 148 173 119 169 20 204 188
    183 182 139 232 53 143 187 151 130 17 254 247 73 95 163 119 105 16
    50 77 187 99 253 182 95 10 130 113 167 107 168 188 149 83 249 255
    100 239 251 187 32 24 250 246 76 189 145 94 226 16 51 125 251 247 63
    222 85 126 210 112 199 174 188 255 248 227 242 75 127 221 54 166 252
    170 87 231 203 16 55 222 71 114 122 246 201 58 254 199 37 229 229
    243 134 227 45 221 241 235 180 207 239 252 86 232 250 66 243 125 185
    96 89 250 22 122 233 178 125 191 109 143 167 4 253 251 208 176 91
    140 166 190 157 54 238 239 255 211 218 87 251 248 62 194 249 231 127
    141 189 239 223 255 186 127 223 26 143 124 249 22 170 188 245 223
    233 233 117 207 191 183 228 24 46 247 76 29 171 255 231 16 50 94 250
    243 31 222 85 126 210 88 199 235 234 168 188 254 235 233 125 207 187
    55 244 57 172 255 66 91 239 255 239 144 58 79 202 243 223 243 223
    235 162 80 167 203 32 191 127 101 238 75 255 255 123 190 124 170 223
    253 196 48 63 254 119 42 240 250 235 255 126 223 101 229 101 232 199
    227 244 64 189 226 172 102 91 152 9 250 183 18 91 127 113 123 205
    213 61 250 40 71 201 224 219 219 231 21 128 251 100 35 188 65 124
    231 36 70 223 188 64 202 254 2 219 125 185 35 88 212 61 234 201 160
    105 136 227 235 229 145 103 250 212 33 232 241 40 176 252 69 85 61
    17 120 149 26 178 89 88 33 216 146 95 57 123 102 210 151 237 153 244
    248 12 8 208 50 208 237 94 96 40 8 78 252 169 128 164 72 47 11 17 17
    34 193 93 123 67 13 144 124 176 217 4 24 44 147 74 8 68 76 144 74
    212 32 42 128 120 1 73 74 196 106 157 88 115 67 2 210 16 18 72 114
    60 12 46 8 156 83 33 0 0 36 151 165 44 99 161 2 143 163 187 18 140
    170 36 10 131 39 74 32 53 161 49 218 5 158 19 54 132 72 5 198 14 149
    166 179 179 104 189 143 63 87 95 179 204 253 74 0 183 95 179 17 50
    216 171 226 109 118 94 135 134 84 133 243 49 25 99 204 86 147 235
    112 85 64 252 130 113 204 180 96 126 168 22 235 217 187 52 255 114
    44 163 64 119 138 240 228 59 91 122 200 118 211 254 117 205 72 252
    226 41 220 182 228 254 187 150 193 207 187 36 255 50 93 162 139 127
    142 120 221 19 159 99 205 86 151 191 246 76 72 92 230 56 254 180 100
    126 59 23 205 195 186 52 253 48 44 170 130 63 142 49 253 19 159 98
    223 114 147 190 247 63 200 126 226 105 234 166 228 126 235 151 200
    146 152 44 255 62 46 175 195 63 134 169 205 0 75 2 157 116 143 172
    119 254 8 90 68 180 130 48 64 228 43 34 9 194 152 2 125 164 54 186
    128 24 0 33 137 43 141 98 154 85 149 190 230 215 64 92 7 40 200 55
    228 248 235 147 197 199 170 54 255 55 92 142 139 95 30 120 220 35
    143 98 158 215 145 190 230 159 69 92 135 40 236 54 196 238 43 147
    197 198 187 38 253 55 60 158 139 23 28 253 222 42 22 250 208 231 116
    88 223 11 239 60 175 12 191 230 220 207 223 151 144 143 43 178 210
    90 95 55 239 143 220 236 219 220 96 224 174 49 75 86 128 49 228 160
    153 207 109 26 80 178 196 205 103 12 227 205 40 243 243 101 17 102
    183 214 82 252 52 96 166 41 75 82 160 33 160 160 185 207 109 8 83
    217 213 221 103 40 103 216 170 251 243 37 57 98 183 86 18 228 180 24
    216 202 169 144 218 130 49 172 56 150 211 200 20 79 145 106 0 43 103
    218 19 148 144 3 122 216 9 11 130 218 119 166 94 155 245 22 206 255
    88 158 241 235 220 190 240 221 214 238 66 142 71 111 175 187 243 143
    155 18 95 252 87 214 52 141 167 142 72 150 136 138 170 155 106 231
    126 73 130 165 213 253 163 105 67 219 138 185 242 207 158 4 122 25 7
    215 113 149 151 139 5 28 136 138 176 130 120 212 114 64 154 65 213
    253 210 9 71 219 192 217 128 207 190 0 51 139 3 229 48 152 30 74 37
    16 152 162 177 164 92 212 211 72 30 7 197 106 152 3 71 219 115 222
    128 15 126 152 1 11 2 215 236 159 151 170 3 150 168 142 186 154 122
    212 242 72 130 143 119 124 163 109 101 139 234 185 178 111 158 128
    122 137 1 73 11 37 35 69 14 111 0 116 0 99 65 195 0 16 212 112 204
    106 206 128 150 221 98 213 232 130 0 32 7 226 96 23 251 38 51 160
    159 110 244 117 112 66 133 235 230 190 32 181 110 102 78 173 216 63
    40 174 250 69 66 168 183 209 212 73 181 147 154 217 246 47 216 244
    80 79 4 252 243 42 100 221 126 250 202 145 211 186 225 191 243 79 10
    26 242 163 228 34 142 196 223 254 3 127 174 31 182 98 211 104 232 92
    94 183 247 115 167 242 208 79 255 44 62 221 198 181 244 208 5 38 142
    212 159 250 34 174 239 155 183 56 242 100 234 204 151 191 103 99 163
    34 67 143 255 60 54 207 198 157 112 135 165 169 102 74 35 196 27 110
    84 52 160 127 242 211 5 144 144 58 204 38 79 33 244 205 2 228 227 34
    129 101 146 250 160 158 141 68 188 189 245 124 235 159 241 188 19
    110 238 102 133 251 227 239 52 54 107 10 255 191 223 71 255 211 236
    217 214 202 150 144 214 237 24 60 63 63 155 151 120 236 105 200 199
    151 87 255 0 241 77 203 199 62 23 119 207 142 236 137 25 34 173 113
    91 217 201 179 238 143 4 120 9 168 252 37 4 218 123 131 64 66 42 122
    253 45 28 5 107 83 14 71 234 11 157 0 187 157 149 150 166 15 9 216 7
    174 248 38 196 192 107 191 65 94 8 91 255 171 127 30 91 26 30 153 15
    13 173 147 218 201 244 63 244 214 67 206 0 252 247 40 228 197 122
    250 74 35 67 250 241 109 250 78 74 18 87 161 228 69 237 55 94 169
    214 126 228 253 67 71 0 221 246 34 244 209 110 58 78 165 242 186 224
    163 250 23 10 2 215 161 236 38 142 212 150 222 163 174 171 31 179 2
    223 108 232 92 30 63 231 115 173 34 218 79 255 56 22 221 70 189 225
    184 4 140 222 148 31 162 59 166 248 252 150 0 244 236 98 169 203 51
    99 202 34 100 197 47 104 44 2 127 4 156 113 161 153 50 8 80 175 109
    15 218 104 43 164 177 11 111 75 5 144 248 241 199 99 76 35 90 221
    147 217 1 59 83 175 78 130 88 32 154 112 40 233 81 83 162 30 164 9
    63 215 66 26 1 176 109 16 10 75 130 17 211 129 112 121 64 128 70 75
    124 188 244 114 169 253 85 207 163 251 172 24 74 247 78 54 137 214
    236 16 11 75 250 177 251 223 85 127 250 84 206 86 162 188 189 26 137
    237 148 207 159 123 160 25 190 253 76 11 137 211 123 7 58 107 250
    115 153 154 93 122 208 89 199 234 8 188 157 218 157 237 151 206 158
    63 133 24 188 245 105 40 137 115 123 10 34 75 122 243 237 27 95 59
    208 93 133 234 167 167 168 196 188 7 79 232 19 166 168 137 99 228
    127 54 221 198 104 166 236 67 239 42 42 30 197 188 144 250 80 68 118
    167 200 69 154 67 78 232 70 164 186 239 67 106 151 16 121 196 108
    242 236 147 237 30 186 142 173 245 165 242 68 68 124 60 149 112 169
    124 85 159 187 251 164 56 31 183 67 187 129 214 253 16 57 75 250 32
    219 219 117 127 170 117 198 115 229 140 129 151 221 102 199 226 208
    234 136 26 80 114 17 163 217 230 90 191 121 111 249 174 61 14 207
    124 209 123 242 224 197 140 129 154 221 100 238 238 16 195 136 27 80
    96 49 169 121 194 10 191 117 79 24 110 61 14 215 124 152 125 248 208
    189 192 120 10 238 105 195 200 90 80 53 42 87 216 251 40 211 72 36
    122 135 37 238 51 220 137 97 253 188 59 89 129 232 132 181 81 173
    124 116 175 247 59 178 48 210 121 204 239 201 86 126 16 59 104 195
