<?xml version="1.0"?>
<opencv_storage>
<descriptor type_id="opencv-matrix">
  <rows>259</rows>
  <cols>32</cols>
  <dt>u</dt>
  <data>
    86 7 236 165 140 34 159 184 18 246 147 163 193 45 91 75 93 197 61
    167 232 65 205 136 200 71 239 181 165 251 20 82 27 154 251 255 114
    138 59 80 61 79 87 247 237 207 162 200 118 47 183 134 179 220 45 239
    214 239 122 128 46 131 33 209 173 216 163 219 252 215 235 216 94 89
    212 82 240 221 253 236 217 74 23 223 171 182 122 243 111 93 191 228
    158 159 240 240 222 243 216 183 234 13 60 220 59 190 116 253 93 231
    203 27 55 223 247 214 198 82 203 112 254 195 111 173 172 241 143 145
    95 255 140 182 232 20 124 159 171 254 158 205 205 239 91 91 167 199
    253 247 236 67 219 224 254 251 239 188 140 245 187 80 199 221 140
    191 141 55 204 188 222 242 146 87 242 120 31 203 201 230 127 239 253
    69 91 169 172 123 223 24 156 125 216 20 231 221 164 191 173 63 198
    191 223 242 154 92 254 120 31 227 201 102 127 47 253 108 91 191 175
    123 223 20 220 124 217 30 222 4 174 189 142 98 125 103 189 151 210
    147 221 239 50 75 247 247 191 161 56 213 131 194 217 227 222 133 164
    124 165 66 202 184 245 243 235 232 57 159 187 63 54 184 189 183 192
    31 39 87 255 144 50 76 171 241 223 219 127 238 162 212 135 251 190
    125 112 202 253 244 254 215 57 79 189 26 15 30 30 181 239 147 223
    155 190 43 96 226 179 221 142 155 215 222 239 213 253 84 93 236 44
    78 78 24 21 202 242 96 123 89 161 115 92 212 60 106 233 166 105 136
    178 251 228 144 56 187 96 57 25 157 123 205 86 134 255 118 68 72 254
    230 57 159 180 96 126 187 23 236 201 187 52 253 114 173 170 128 63
    138 96 249 19 159 106 222 82 130 239 247 53 192 218 230 121 238 182
    96 126 255 23 239 201 155 44 255 56 46 175 128 61 178 161 221 2 139
    42 152 85 197 190 231 31 77 88 131 172 238 54 64 252 59 147 133 150
    154 50 253 63 20 158 139 21 12 181 223 32 170 97 89 116 171 225 31
    87 1 112 240 177 129 148 60 89 42 34 24 179 248 101 159 12 30 48 64
    215 136 210 172 193 176 153 177 104 173 120 19 190 57 50 92 158 147
    64 90 135 31 110 16 18 124 210 81 207 217 114 104 136 0 3 11 193 162
    156 177 40 172 113 19 174 59 50 88 151 131 64 90 131 5 108 28 19 92
    195 0 204 209 114 100 136 128 3 1 86 169 10 139 152 15 175 168 166
    160 138 138 195 226 15 80 124 197 104 231 217 131 217 125 184 160
    143 20 9 50 41 0 5 172 135 54 200 205 166 232 254 186 242 104 214
    240 173 225 249 110 126 3 97 241 138 51 189 30 103 152 192 122 3 167
    102 186 154 186 173 197 146 248 159 157 144 109 238 250 234 2 221
    115 239 67 162 67 202 245 216 147 111 187 152 73 13 19 75 190 23 181
    171 248 56 23 175 73 218 253 174 166 130 214 167 55 236 5 151 201
    162 225 142 246 58 194 138 68 139 93 102 250 156 56 234 201 148 223
    155 249 176 237 238 254 206 146 143 115 239 1 135 99 202 241 184 19
    111 255 220 20 143 147 77 223 133 159 252 179 38 190 214 250 27 108
    192 240 136 131 145 110 110 58 229 67 203 61 44 34 253 172 154 251
    216 147 53 255 135 62 156 6 71 252 183 222 89 101 65 232 189 75 85
    238 109 231 233 193 59 47 40 42 229 132 169 115 240 81 166 182 204
    23 234 106 79 184 26 214 113 220 80 224 207 27 27 78 36 114 57 80
    255 34 8 34 101 204 173 123 142 65 135 221 189 187 170 173 63 190
    190 251 91 245 253 246 202 99 135 115 126 31 183 92 255 119 172 31
    127 194 156 215 137 89 71 188 237 147 234 126 189 190 59 255 22 255
    221 110 223 111 39 71 127 159 179 88 175 226 61 26 255 228 164 245
    133 117 199 180 229 147 234 124 191 190 59 123 18 246 221 238 216 47
    39 79 127 159 179 80 255 243 45 30 255 228 172 213 131 245 197 255
    237 55 240 170 47 183 58 238 127 252 245 103 210 55 23 127 52 94 161
    220 239 43 44 62 117 128 140 243 131 249 135 180 237 211 178 126 237
    159 126 251 87 210 217 118 220 111 55 223 55 155 179 208 189 226 111
    43 255 196 173 208 241 241 141 255 105 98 242 123 95 188 51 226 29
    236 217 111 219 52 23 214 221 254 225 0 109 186 110 207 165 180 175
    247 198 113 10 157 48 155 245 245 176 239 31 29 92 19 172 222 38 196
    217 27 147 17 54 56 90 247 47 86 154 99 146 76 157 223 126 208 42
    250 67 244 155 216 139 93 189 47 92 223 47 56 252 213 245 247 135 3
    184 241 83 121 170 222 203 7 47 115 188 20 250 239 244 118 127 91 21
    10 255 18 91 125 169 105 127 222 151 170 57 247 57 142 115 239 227
    133 167 251 228 177 124 105 236 227 132 116 79 152 1 248 191 130 91
    111 223 114 126 213 53 254 137 114 237 224 255 233 167 196 167 251
    116 112 188 21 122 110 120 127 87 120 241 206 253 12 91 253 47 80
    220 188 196 42 168 163 120 14 243 253 33 25 115 243 102 211 119 32
    213 160 41 43 65 8 57 185 179 72 207 66 77 31 154 133 110 60 8 102
    201 192 144 218 65 54 192 41 66 4 28 39 193 97 176 43 111 190 53 194
    126 197 219 99 153 80 51 238 6 110 104 240 77 47 238 239 37 132 98
    241 198 224 164 182 205 23 234 106 7 168 146 183 49 188 83 96 207
    155 27 206 100 50 59 198 251 34 40 134 229 228 173 251 138 1 12 79
    117 69 180 58 71 184 117 170 254 224 219 97 153 245 18 198 236 110
    233 176 109 174 166 251 101 16 102 255 212 33 255 245 68 198 203 19
    95 236 195 180 141 174 75 98 199 183 122 196 252 226 124 67 239 172
    186 217 197 191 47 255 90 68 45 255 80 71 96 27 118 184 121 238 54
    108 202 96 151 180 150 68 230 110 229 240 237 106 46 95 37 134 78
    182 74 157 46 246 224 3 255 27 254 220 91 228 60 175 75 108 223 148
    31 204 199 103 196 118 237 186 126 95 133 183 231 255 222 213 234
    208 46 186 79 253 185 212 153 87 21 63 236 223 46 43 175 81 251 67
    167 71 186 229 87 83 218 235 6 13 151 251 142 224 170 154 205 208
    183 204 155 95 85 147 76 204 127 142 185 89 179 87 54 103 170 227 95
    119 223 239 199 31 191 246 174 240 162 154 109 217 187 204 159 87 20
    187 108 220 127 140 185 89 147 83 103 103 58 243 15 87 31 239 215 31
    63 222 14 220 160 155 93 249 178 200 159 87 93 183 236 220 111 204
    221 123 179 83 39 20 58 243 7 87 155 235 158 95 29 214 203 173 50 89
    185 156 63 183 63 13 94 16 174 224 148 116 215 50 126 9 242 152 227
    191 47 126 22 128 2 68 131 45 2 141 2 139 213 241 186 103 28 65 90 3
    172 234 50 196 248 43 147 145 22 152 0 253 45 20 138 67 20 14 185
    206 49 203 64 138 116 129 70 245 68 0 248 198 51 0 176 64 72 168 6
    110 203 170 68 189 48 136 166 8 61 154 240 136 2 140 2 155 17 228
    186 103 61 5 74 147 172 206 36 196 233 59 147 145 50 156 16 255 45
    54 154 195 148 4 165 222 10 48 62 169 105 205 121 83 173 121 246 5
    156 159 66 90 238 61 255 17 2 154 243 208 215 241 26 195 2 8 37 219
    3 48 34 153 109 157 248 83 173 89 242 119 140 158 246 239 238 129
    223 149 135 60 246 208 151 88 154 235 94 12 9 223 203 16 50 152 109
    221 184 67 137 89 52 22 140 158 118 175 238 49 223 149 135 47 178
    208 23 88 154 234 22 12 41 221 2 50 6 137 106 137 184 66 47 61 210
    167 172 142 70 73 238 29 255 149 134 152 195 208 20 48 154 195 4 12
    33 213 116 3 173 165 140 6 79 184 2 182 130 143 215 45 83 74 221 197
    121 103 40 65 233 136 233 163 207 52 164 251 148 98 229 221 140 191
    140 45 76 175 158 242 138 29 247 120 91 75 201 230 127 79 93 70 219
    176 237 251 223 60 152 121 216 18 165 204 241 251 252 203 234 220 95
    73 112 114 243 217 189 104 91 74 22 90 171 180 111 191 46 254 183
    196 182 153 208 165 31 90 127 187 98 146 123 208 63 69 87 231 125
    207 191 232 119 233 183 206 131 148 47 243 214 239 42 192 39 151 33
    241 110 251 216 245 232 13 125 253 59 190 116 205 221 231 75 27 63
    223 119 222 194 82 218 240 127 217 111 172 201 242 163 177 202 184
    245 211 235 224 121 215 191 55 54 177 172 183 68 159 39 223 255 152
    18 92 171 241 223 250 95 235 166 196 167 251 58 29 58 222 185 244 31
    99 145 204 156 41 46 252 38 160 204 243 149 66 188 11 34 175 243 85
    136 187 18 79 188 95 253 80 93 237 36 78 78 56 21 234 182 64 211 25
    153 123 212 212 60 106 233 228 105 136 227 251 225 144 56 187 64 33
