<?xml version="1.0"?>
<opencv_storage>
<descriptor type_id="opencv-matrix">
  <rows>317</rows>
  <cols>32</cols>
  <dt>u</dt>
  <data>
    60 1 72 161 140 11 70 104 21 160 233 139 67 33 11 16 88 204 66 98 92
    178 77 28 246 193 5 53 121 187 72 130 237 89 53 70 201 94 69 189 225
    248 166 8 74 16 197 191 0 212 236 106 105 99 251 104 51 122 69 30 98
    55 198 44 84 183 216 163 178 42 61 159 58 183 15 189 223 39 75 26
    183 87 237 48 54 89 137 66 252 135 63 229 160 98 143 19 231 106 196
    86 109 28 198 252 249 186 180 76 106 104 215 191 8 228 224 110 228
    103 238 170 54 122 69 58 75 253 90 140 159 76 167 158 13 54 172 162
    149 194 195 215 233 106 55 239 205 231 187 175 237 199 95 239 128
    122 218 130 29 117 57 92 182 166 168 171 188 51 154 201 22 119 157
    183 193 200 126 9 221 11 147 183 190 98 79 183 200 69 191 253 213 79
    152 197 8 221 31 191 182 199 187 231 30 9 90 3 245 247 32 64 247 59
    59 209 115 152 19 63 237 167 190 192 16 8 165 59 245 80 243 230 36
    102 74 152 89 202 179 66 91 123 61 251 250 213 61 234 169 39 121 200
    147 248 195 20 175 251 112 49 92 22 248 237 164 42 126 59 53 202 254
    231 223 47 145 90 126 199 191 174 169 176 193 138 246 255 231 128 46
    242 96 81 171 199 44 187 157 151 140 173 214 83 145 215 225 72 62
    193 217 3 155 167 254 47 95 191 42 115 222 221 29 28 248 220 253 110
    230 86 237 30 70 176 249 234 182 76 75 96 215 191 17 228 236 110 237
    247 237 42 58 123 69 54 235 247 90 37 167 166 232 147 236 59 206 200
    82 255 149 191 65 232 223 43 29 204 215 247 190 118 207 178 94 11
    237 253 213 255 222 196 57 205 43 222 93 215 207 239 87 72 220 2 115
    253 52 100 89 170 18 137 235 187 122 191 123 255 146 72 51 10 240
    234 40 189 57 90 253 205 195 255 87 29 252 24 178 245 104 48 217 58
    6 24 58 42 122 55 111 223 53 123 210 8 214 234 223 22 134 151 131 54
    172 138 60 243 195 215 205 110 95 207 247 71 249 183 181 213 159 226
    140 118 223 132 140 117 169 84 143 76 167 159 141 54 236 168 220 210
    195 87 232 104 63 239 205 100 59 175 237 197 95 238 37 122 223 148
    159 125 120 84 223 54 132 183 171 52 60 152 187 247 131 245 205 238
    75 203 167 71 253 151 180 69 223 224 158 115 223 246 140 117 137 85
    229 166 236 1 236 63 196 153 91 255 181 93 195 104 223 59 153 196
    110 63 191 102 239 146 14 95 101 124 205 253 218 196 223 218 132 182
    169 54 190 152 191 242 131 215 205 106 95 203 231 197 253 231 237 69
    223 224 154 115 207 150 140 117 57 85 175 174 140 27 141 61 206 191
    86 123 156 93 235 104 222 170 205 194 126 141 254 110 223 179 174 95
    221 252 221 124 216 204 237 52 212 65 173 63 68 31 123 187 183 92
    218 48 222 191 149 68 124 60 189 116 217 0 142 219 117 116 202 232
    218 5 223 215 140 165 173 22 126 188 175 242 138 199 207 106 95 195
    231 197 253 231 237 69 223 232 186 251 207 150 12 119 185 22 252 115
    252 230 168 9 86 156 163 190 181 173 79 239 75 27 135 213 237 98 108
    67 203 160 250 211 101 191 226 243 14 67 0 221 31 191 54 199 191 231
    158 9 90 3 181 247 32 64 230 59 27 193 115 152 19 63 237 167 190 192
    16 8 165 59 220 92 191 229 34 78 127 16 173 202 246 98 223 55 33 123
    182 117 125 98 33 213 177 202 209 235 102 130 40 243 37 115 205 48
    149 101 165 110 96 152 105 251 55 124 223 55 200 255 151 84 124 58
    177 244 249 0 207 251 101 84 202 227 195 49 221 88 255 229 34 78 59
    48 56 234 86 102 221 23 129 123 182 117 125 106 225 212 177 232 213
    235 107 130 44 241 39 115 205 180 189 97 169 111 81 25 123 251 55 92
    222 55 72 59 151 21 125 56 179 116 251 80 207 219 117 182 202 96 131
    51 193 90 191 101 34 78 55 48 40 234 118 100 252 55 129 59 166 117
    125 110 161 212 177 104 229 187 106 130 8 241 7 115 105 241 177 241
    173 141 253 159 255 251 180 92 190 239 93 58 141 87 127 28 251 111
    251 242 255 223 23 60 194 80 199 121 62 248 185 246 61 221 218 80
    219 232 181 79 254 253 119 34 206 249 223 19 201 99 122 248 155 223
    5 58 90 46 70 91 43 151 228 94 235 177 156 239 207 29 188 175 104
    250 190 174 207 227 247 129 150 75 110 209 30 91 223 187 159 76 201
    135 1 8 18 88 49 172 96 22 125 9 98 80 190 146 48 116 160 42 2 28 7
    152 50 87 137 190 18 64 200 0 99 45 11 182 246 86 227 86 189 247 43
    127 159 255 76 190 206 183 167 95 215 133 231 93 188 209 50 91 127
    167 47 214 175 125 2 146 146 186 107 229 185 71 175 93 81 55 140 159
    106 72 231 27 179 145 22 92 18 209 93 16 218 203 156 4 165 211 72
    216 188 241 23 234 113 19 95 81 87 18 159 23 0 105 35 23 46 16 3 220
    115 129 197 243 26 65 180 8 133 50 47 56 224 19 197 56 160 154 107
    213 93 205 136 224 223 174 31 74 178 31 151 112 255 224 14 84 21 234
    206 103 90 213 244 34 240 200 219 96 91 201 83 77 53 19 9 143 79 90
    231 153 7 208 186 6 232 194 95 216 7 111 179 201 164 67 72 0 136 44
    73 96 57 72 34 73 69 128 188 239 8 24 176 31 227 129 2 19 130 81 209
    181 26 41 146 3 39 178 212 122 56 176 42 200 19 16 169 14 6 61 142
    151 67 26 39 177 109 18 64 4 194 114 213 145 2 187 42 145 7 83 134
    106 47 184 44 193 80 64 143 220 128 1 6 206 117 75 192 33 239 117 74
    69 34 208 211 17 43 253 16 29 116 115 8 157 51 223 53 211 167 247 86
    73 88 98 168 252 180 228 89 122 146 1 211 184 102 255 45 54 158 194
    22 14 180 253 2 221 19 220 55 219 178 230 61 13 94 34 44 188 164 196
    250 187 134 0 70 185 32 255 178 52 22 131 86 28 173 207 19 29 189
    117 178 186 125 51 118 235 94 114 249 126 144 104 119 127 127 137
    177 216 229 239 205 239 251 128 164 225 133 225 26 15 107 236 52 195
    223 102 133 76 222 163 45 239 50 64 236 187 159 197 200 187 32 253
    243 101 170 129 53 142 52 123 59 25 106 136 118 147 186 102 205 64
    220 167 40 152 182 96 238 171 151 197 198 187 36 253 114 125 138 131
    29 12 121 223 26 219 114 200 118 147 186 119 140 65 222 231 60 222
    182 100 126 57 151 193 210 155 36 255 114 45 170 129 63 142 181 217
    19 79 66 173 86 146 170 118 20 192 218 231 33 170 178 192 126 238 23
    197 133 155 5 255 56 102 174 128 45 140 57 157 50 169 146 184 221
    193 240 71 31 5 232 3 42 138 36 208 232 187 130 144 14 187 18 255
    185 212 150 11 209 76 236 142 2 141 146 156 213 129 160 71 62 5 200
    3 164 162 32 196 233 43 10 129 2 155 18 255 189 54 158 11 144 72 169
    142 66 168 148 179 201 249 48 143 187 55 32 25 174 178 70 158 129 27
    233 17 54 76 218 243 141 214 92 123 144 68 143 14 220 48 156 244 41
    108 17 10 187 191 167 57 206 247 67 91 131 213 237 18 32 69 219 64
    219 243 89 63 130 113 7 115 138 158 132 159 171 240 188 134 159 95
    16 183 172 174 118 207 167 115 251 133 54 77 139 243 14 114 222 235
    150 100 157 95 74 175 130 154 219 153 188 239 191 21 168 157 236 234
    102 134 235 227 235 149 118 75 138 243 188 84 15 123 82 68 175 142
    26 188 183 254 219 212 181 231 191 29 252 50 44 254 38 116 233 123
    175 128 2 75 186 247 187 247 31 139 146 68 167 255 58 173 18 186 207
    217 20 239 159 21 172 171 110 204 46 148 235 251 235 0 110 43 202
    255 187 210 15 59 82 92 15 206 207 182 229 17 226 120 57 155 59 251
    23 252 220 62 222 191 39 87 253 61 181 84 237 194 14 123 125 198 142
    228 139 117 0 141 43 171 20 131 175 247 22 65 88 71 181 227 48 64 88
    43 19 205 67 184 80 63 229 164 170 0 28 26 181 248 17 15 82 77 178
    138 102 182 116 8 74 64 115 99 161 196 114 110 6 76 192 152 5 63 164
    174 38 0 32 146 96 137 74 67 168 220 104 20 111 212 31 78 212 230
    168 230 183 224 252 217 183 196 201 18 104 241 178 121 234 140 22
    180 36 125 11 218 102 137 109 221 126 252 143 110 84 231 204 205 190
    196 199 14 191 14 196 5 107 247 102 127 171 203 30 156 252 209 129
    168 150 185 236 173 232 7 254 27 82 84 189 162 112 75 195 43 106 24
    51 92 210 241 140 154 126 104 152 72 161 136 1 170 223 153 224 169
    104 151 62 19 114 80 189 163 208 72 35 43 46 28 18 252 3 113 140 186
    118 64 132 192 193 168 1 74 83 217 60 137 232 23 238 0 250 198 189
    130 180 64 106 163 110 12 131 184 71 221 132 60 50 0 28 152 97 40 65
