<?xml version="1.0"?>
<opencv_storage>
<descriptor type_id="opencv-matrix">
  <rows>448</rows>
  <cols>32</cols>
  <dt>u</dt>
  <data>
    80 172 23 248 173 236 80 207 191 25 184 120 190 187 32 112 201 179
    127 129 26 75 194 213 153 248 58 218 144 0 163 43 66 58 184 249 172
    233 176 71 191 63 144 123 172 159 68 10 207 51 239 17 18 77 194 243
    221 150 62 251 148 72 133 11 60 77 83 238 86 130 78 120 133 0 253
    162 115 219 173 116 122 248 22 234 73 163 10 173 242 237 163 8 55
    187 112 128 53 77 67 126 86 195 70 112 197 192 251 2 99 201 37 80
    120 236 6 110 73 163 72 44 178 237 32 24 123 187 98 136 55 99 107
    110 86 11 230 120 97 224 245 239 91 73 157 176 126 232 87 239 201
    178 76 252 182 252 33 184 111 191 122 228 55 97 66 238 94 139 206
    120 7 224 249 239 115 200 191 16 126 232 87 238 204 179 76 159 246
    204 169 184 125 187 82 129 26 186 120 114 121 221 153 222 187 125
    180 173 184 189 222 52 175 155 213 141 135 75 170 245 219 95 61 254
    71 132 135 255 52 46 174 63 216 175 52 91 54 55 203 26 242 229 33 89
    253 238 107 16 170 211 123 123 149 103 91 58 144 121 178 208 72 188
    26 120 184 236 81 87 186 89 164 24 182 151 2 24 129 51 121 24 18 15
    178 23 219 255 20 88 200 0 167 122 40 40 98 1 85 201 96 71 100 69
    234 139 163 0 18 208 104 168 74 144 14 184 197 21 148 100 130 1 103
    140 86 196 1 136 64 65 68 152 96 7 102 21 230 128 131 128 210 92 96
    142 106 24 22 184 231 81 134 168 18 65 247 136 122 140 112 2 68 9 8
    251 96 11 102 117 230 176 131 0 130 92 72 140 106 152 14 248 231 16
    6 32 176 21 99 136 222 4 138 180 183 88 9 101 144 75 158 91 145 56
    140 221 108 171 141 17 219 17 51 71 18 195 129 18 90 126 128 72 167
    179 73 42 22 9 9 141 33 82 228 32 194 76 167 128 2 198 104 44 106 8
    1 189 211 0 148 161 18 0 72 8 11 168 198 180 189 179 42 224 57 136
    142 63 17 147 244 238 72 75 39 83 125 17 2 68 155 243 205 18 127 196
    132 67 5 112 34 34 2 154 89 131 162 72 30 0 112 199 164 200 36 132
    217 43 130 5 6 178 74 251 20 20 11 43 81 12 107 132 2 170 0 155 91
    145 178 200 30 0 64 131 236 194 102 132 217 43 130 1 38 186 74 255
    44 22 27 43 80 12 9 142 10 168 18 155 77 213 176 198 159 21 64 3 172
    218 102 196 201 59 163 1 6 90 90 241 15 82 26 43 18 12 45 206 2 152
    62 155 73 221 176 198 191 21 100 1 172 222 38 68 201 59 235 1 6 75
    114 241 7 114 26 11 18 12 45 206 233 48 116 209 109 29 240 80 235
    122 180 94 142 24 22 63 207 196 94 13 169 103 240 192 151 91 82 50
    79 12 90 197 169 54 180 213 109 29 233 88 95 254 244 95 142 136 82
    11 205 204 126 13 165 246 251 208 159 91 119 188 79 172 90 213 31
    109 107 233 118 146 250 216 127 96 222 227 89 207 191 96 126 253 151
    239 198 144 45 223 118 253 171 196 47 183 121 213 107 54 116 209 109
    29 240 80 233 126 244 94 138 24 22 47 239 133 95 141 173 118 242 192
    151 91 82 178 79 12 91 197 43 34 100 217 108 61 233 90 79 254 244 95
    138 136 214 139 237 136 255 141 140 118 239 208 30 91 255 184 95 204
    91 213 10 178 230 153 111 243 184 218 23 83 84 179 201 238 182 204
    127 27 183 129 130 210 239 217 30 114 251 175 183 204 36 247 10 186
    54 159 105 159 57 71 191 93 214 51 204 207 54 196 255 47 255 129 134
    219 227 241 22 115 19 195 2 12 173 215 42 48 38 201 105 95 176 88 39
    108 244 7 200 159 2 192 236 157 251 128 129 243 251 208 87 113 3 163
    83 140 39 211 42 48 39 169 109 95 177 88 47 108 240 15 138 140 18
    192 232 140 255 1 133 243 241 208 151 113 3 178 91 12 102 215 42 48
    118 201 75 95 184 88 23 104 246 38 200 157 6 196 252 157 255 128 137
    243 219 208 23 235 163 147 123 12 42 147 40 96 54 237 105 91 182 72
    103 172 246 10 202 152 2 192 248 220 255 98 68 243 233 216 183 113 3
    19 83 62 47 199 2 48 54 169 105 79 178 72 190 44 242 43 204 158 4 64
    252 157 255 0 0 243 219 210 151 118 11 179 80 12 39 211 128 52 55
    173 105 15 180 120 172 170 242 74 206 179 96 65 236 149 127 34 200
    243 211 212 87 122 67 42 66 40 33 131 66 96 182 205 104 15 60 88 118
    170 210 74 192 193 85 72 252 204 123 10 192 211 203 208 23 184 7 136
    0 248 49 129 100 164 34 173 248 3 98 200 118 33 218 74 209 131 80 80
    123 141 127 168 154 211 207 215 180 44 35 212 4 138 160 128 49 109
    74 175 120 11 38 120 52 160 250 138 243 224 160 96 126 252 122 98 72
    179 199 254 244 173 35 8 97 186 32 136 116 101 39 204 120 11 239 248
    100 160 250 202 209 194 145 112 120 204 106 234 201 179 205 204 52
    168 167 44 96 187 48 160 29 98 7 171 78 11 167 216 36 160 211 206
    211 193 185 64 124 204 110 110 136 243 205 200 244 233 167 172 100
    187 48 128 93 32 70 75 106 27 98 88 118 32 247 170 219 193 136 96
    120 204 110 234 137 242 207 208 20 233 35 164 99 139 104 160 77 32
    102 139 78 27 99 88 118 32 215 138 219 192 186 96 120 140 110 170
    136 243 239 208 20 105 35 32 107 138 120 132 24 48 102 77 91 91 123
    88 55 228 206 174 73 228 166 68 122 204 234 128 141 211 247 16 54
    111 1 33 39 142 60 212 30 48 42 137 73 91 178 64 47 108 247 11 202
    158 6 240 252 157 255 226 132 179 225 208 151 121 131 183 67 15 45
    215 122 48 58 233 105 95 48 80 47 108 246 47 143 159 66 82 236 156
    255 132 140 179 243 192 215 249 35 147 99 140 47 211 24 16 111 233
    12 206 105 80 118 120 246 70 211 151 144 112 124 156 127 136 139 242
    243 17 215 233 162 128 103 136 116 115 35 34 106 28 127 145 186 72
    219 104 116 175 40 200 183 180 254 169 146 133 134 242 174 217 54 25
    131 171 95 44 122 213 120 16 255 117 44 78 73 88 55 232 246 70 115
    53 144 112 126 252 125 40 137 243 251 31 223 239 101 144 103 170 100
    113 115 37 159 205 88 31 98 122 38 225 254 66 86 177 32 80 124 238
    106 232 9 155 195 110 55 37 35 10 120 42 162 185 82 40 38 153 217
    203 32 71 54 33 246 155 162 132 18 88 105 174 107 145 10 223 199 145
    213 32 18 97 209 12 166 200 8 168 70 89 69 152 96 7 255 17 98 16 171
    128 150 72 97 46 42 16 6 252 199 211 6 126 18 1 34 140 201 142 0 138
    198 25 176 138 96 7 127 1 98 240 175 128 180 216 99 42 46 16 50 220
    7 103 12 54 50 64 194 128 193 140 1 142 22 29 176 138 112 55 127 3
    98 244 172 163 176 80 227 43 46 24 178 188 3 127 140 54 50 64 136
    128 161 9 18 157 30 232 147 166 55 183 172 9 74 38 60 51 32 64 231
    51 155 160 115 153 16 255 233 164 14 66 24 66 161 11 82 157 94 172
    147 194 63 167 188 65 106 162 124 55 32 64 230 51 155 160 115 153 16
    253 249 165 142 194 56 0 161 27 2 239 194 156 255 145 174 198 159
    140 120 163 40 234 183 132 235 235 163 199 70 59 142 255 60 22 159
    171 87 93 189 141 10 188 178 159 245 183 190 231 31 79 92 51 172 254
    54 228 255 123 147 145 182 186 50 255 47 126 158 195 151 76 181 223
    139 156 230 253 181 183 126 247 191 203 222 18 108 255 50 228 255
    239 191 141 176 217 43 255 127 127 23 130 150 228 161 255 58 157 226
    191 255 187 126 239 63 237 254 175 107 236 54 212 255 239 255 5 158
    251 109 255 186 255 151 195 247 94 238 223 19 95 107 237 118 18 238
    116 52 72 90 230 121 110 176 96 126 237 23 239 205 152 37 239 246
    109 174 128 45 186 113 249 120 157 50 238 25 207 91 248 167 196 236
    9 122 247 34 80 252 251 255 226 72 139 58 253 251 255 133 26 114 39
    38 114 50 137 107 204 214 194 235 116 69 68 222 131 121 237 180 64
    122 232 23 237 216 187 36 237 115 44 170 136 55 142 244 240 19 57 99
    200 86 151 186 117 77 64 252 230 56 222 182 164 126 171 23 237 215
    187 52 253 58 12 138 194 127 134 120 221 90 253 30 190 25 199 91 234
    183 196 238 9 126 255 34 80 248 251 255 194 74 139 58 255 251 247
    135 27 50 39 46 122 2 168 150 155 209 221 48 239 63 29 66 17 172 254
    68 196 193 123 163 17 50 88 91 247 45 118 95 99 130 4 133 142 78 180
    190 242 169 253 88 210 175 91 181 57 158 255 78 26 167 147 255 16 18
    101 138 209 219 219 119 255 130 196 47 83 181 244 244 87 232 27 70
    184 115 242 181 104 115 120 217 59 27 198 108 122 175 102 223 63 46
    202 101 52 239 243 66 149 117 96 85 237 172 75 76 248 105 250 245 72
