<?xml version="1.0"?>
<opencv_storage>
<descriptor type_id="opencv-matrix">
  <rows>477</rows>
  <cols>32</cols>
  <dt>u</dt>
  <data>
    61 79 107 126 84 146 78 112 245 128 255 194 115 201 181 112 120 236
    6 238 201 179 44 174 114 237 166 0 103 187 112 160 61 77 90 254 84
    142 71 120 197 0 255 66 115 211 189 112 120 232 14 110 73 163 26 175
    242 237 163 24 123 187 112 160 40 240 104 98 9 93 92 157 35 112 172
    13 59 9 74 16 129 131 213 128 14 74 90 49 227 217 17 57 106 150 202
    26 54 239 74 166 126 131 219 248 7 164 249 175 115 205 255 16 94 233
    87 231 74 51 76 189 248 140 169 184 117 171 86 241 54 205 81 234 58
    131 79 248 135 32 249 234 127 199 169 0 126 249 79 226 74 35 10 253
    248 197 171 188 53 171 37 177 11 182 41 176 249 221 153 222 191 125
    148 253 188 191 214 180 167 155 221 149 135 74 50 245 251 93 62 254
    14 132 135 127 88 252 26 120 153 237 81 247 186 89 172 24 190 183 2
    16 161 51 104 16 50 45 178 55 251 239 48 89 200 0 199 123 144 81 108
    101 2 10 119 188 100 168 242 34 247 26 1 96 112 92 110 226 200 244
    217 24 228 169 39 0 104 50 83 154 114 61 11 141 216 123 50 120 165
    232 222 102 210 165 32 80 124 254 110 224 153 155 195 76 191 36 3 34
    8 234 40 144 88 52 167 173 89 235 179 78 38 101 250 39 238 180 0 80
    248 174 106 132 12 187 115 254 245 102 18 2 209 76 165 218 114 168
    46 25 90 203 48 78 118 99 214 178 161 132 130 112 105 190 234 128 26
    159 231 255 22 38 18 99 113 136 166 222 208 170 110 217 202 155 56
    71 54 37 214 147 161 132 134 120 109 190 234 132 186 219 231 211 23
    34 18 105 177 136 164 204 24 168 38 153 203 185 32 71 54 53 214 151
    161 133 194 92 105 174 106 156 50 218 231 209 30 107 18 96 179 140
    182 200 64 160 149 121 8 137 0 136 182 176 2 8 247 227 64 82 17 124
    104 8 2 65 203 49 141 162 1 60 0 32 3 32 192 168 17 186 8 137 2 202
    174 17 128 8 166 211 64 82 129 115 104 0 66 79 202 51 153 128 15 122
    16 0 7 42 112 37 85 103 48 10 70 53 96 160 171 72 211 33 128 19 16
    228 108 106 105 240 201 12 236 174 101 16 104 242 66 40 0 142 18 93
    176 166 56 55 126 11 106 84 172 163 160 80 243 43 46 12 178 188 1
    127 172 182 50 66 144 64 161 41 64 32 65 9 72 41 96 65 172 48 227 88
    147 129 64 90 104 140 106 136 2 22 215 64 148 160 146 96 96 136 98
    128 53 107 98 7 244 31 206 248 65 232 250 206 83 104 159 148 30 204
    86 111 205 178 77 44 54 12 165 180 111 191 90 149 42 188 34 154 221
    245 176 231 159 95 92 59 172 252 102 132 205 59 179 145 54 107 162
    247 63 86 158 235 211 76 191 223 75 35 36 177 136 80 29 21 0 206 146
    163 156 6 83 106 64 167 189 145 157 204 231 194 200 51 254 209 38 28
    176 94 90 253 46 190 29 211 19 238 183 196 206 43 239 254 34 112 243
    251 253 81 14 139 42 191 251 247 159 187 20 4 61 75 56 93 122 108 17
    207 91 120 133 140 254 7 123 255 34 80 124 249 207 234 8 187 56 189
    243 237 33 1 123 187 36 114 10 56 54 153 105 223 48 64 175 100 194 5
    204 194 34 192 236 45 235 1 4 209 219 208 151 114 3 19 18 12 39 215
    43 119 107 199 118 27 255 112 25 232 127 239 121 94 151 36 126 253
    23 239 205 178 109 238 118 93 175 160 39 191 114 253 74 48 54 169
    105 91 48 72 238 108 210 5 204 130 22 212 236 141 251 129 133 211
    243 208 150 113 11 155 10 12 43 213 42 96 38 141 73 95 50 72 46 232
    210 11 204 150 5 208 248 221 251 99 1 211 219 216 183 48 15 187 24
    62 43 150 42 32 54 137 73 95 178 72 63 100 244 2 200 132 2 196 248
    141 251 0 4 243 249 210 23 117 3 51 83 12 46 196 42 49 38 141 121 95
    50 104 47 228 214 3 204 188 38 212 250 93 251 97 4 211 251 220 55
    113 11 51 18 14 47 214 46 112 50 201 73 95 179 72 46 236 244 10 204
    150 7 244 248 221 251 98 133 243 249 216 23 49 11 179 83 63 47 215
    10 176 166 159 25 215 146 232 31 180 76 9 236 252 110 196 145 127
    251 49 6 211 187 255 59 119 79 47 18 38 15 214 14 48 54 137 121 95
    186 88 174 108 215 15 204 214 10 68 252 157 251 35 133 211 251 220
    151 115 11 179 2 14 37 215 104 53 50 237 248 15 51 120 54 40 254 10
    210 214 0 112 252 158 127 32 152 155 235 223 245 180 35 222 0 10 36
    179 49 117 19 207 94 31 102 124 36 232 250 106 242 244 165 240 252
    236 126 110 201 179 227 236 55 237 39 136 97 186 112 153 92 99 35
    238 126 11 175 248 36 160 223 234 209 199 153 64 124 204 127 234 200
    179 233 204 244 175 167 140 37 187 49 177 93 32 87 207 106 91 46 248
    100 232 215 106 219 226 137 96 122 220 126 234 1 211 239 204 54 169
    35 140 42 187 32 161 13 34 102 139 104 11 171 88 116 228 211 206 195
    196 187 68 124 204 106 110 128 243 239 200 20 104 35 168 102 174 112
    240 28 48 70 171 75 91 112 88 55 96 214 175 75 208 234 192 120 140
    255 32 140 211 199 208 22 231 3 163 42 142 120 151 24 35 46 233 89
    91 179 120 229 44 246 43 203 140 182 64 120 140 238 96 140 179 229
    204 247 105 3 131 99 142 109 199 125 33 230 31 44 3 78 120 118 224
    115 76 115 232 219 112 17 236 126 110 237 243 223 29 122 43 229 172
    111 183 114 64 26 48 39 141 75 95 186 88 166 224 214 15 216 156 55
    96 252 221 251 227 129 243 243 216 23 105 131 179 107 63 45 215 14
    50 62 233 41 31 56 88 167 108 215 102 201 149 186 192 252 157 255 35
    132 211 251 208 87 249 35 166 2 174 44 211 26 50 62 233 105 31 48 88
    167 108 215 110 203 215 190 192 252 156 255 33 136 211 235 208 215
    121 35 163 2 142 45 211 192 99 29 103 36 14 71 52 96 170 34 72 247
    33 129 51 16 100 108 106 73 240 193 8 225 170 101 16 64 178 66 41 1
    158 30 153 179 166 62 55 124 9 106 84 188 51 32 80 231 43 10 12 179
    152 17 255 45 190 54 66 152 64 161 9 1 157 30 185 147 166 62 55 252
    73 106 84 188 50 32 112 247 51 2 144 179 152 16 255 173 190 30 66
    152 64 161 11 2 157 23 169 147 227 62 231 142 65 74 162 188 182 32
    96 231 51 155 144 19 152 17 255 169 166 158 195 184 66 165 59 18 157
    55 200 178 226 63 231 12 65 74 162 44 55 32 96 119 51 155 160 115
    153 33 255 185 166 142 195 20 2 165 59 80 157 87 220 147 226 54 39
    172 1 106 162 124 183 32 113 102 51 170 128 113 153 16 253 57 164 14
    66 56 64 165 59 210 157 83 252 146 192 63 231 164 0 234 160 60 183
    160 113 102 179 157 192 81 139 0 125 184 160 174 203 48 0 165 59 146
    139 75 184 178 195 63 247 132 4 218 227 109 231 160 65 102 179 143
    228 90 139 0 253 248 162 174 193 52 138 165 121 146 203 78 190 174
    128 79 181 132 4 210 199 101 199 178 65 102 227 63 207 216 137 6 253
    240 33 238 200 60 158 177 89 39 191 99 75 246 147 239 240 71 64 124
    238 113 197 181 52 126 234 22 238 195 186 44 255 126 12 165 168 127
    159 114 253 83 202 78 190 14 128 78 181 132 70 210 199 97 171 178 65
    102 224 61 207 236 141 6 189 240 43 238 128 61 190 184 88 61 123 107
    238 116 131 79 248 85 200 124 206 115 205 187 48 126 232 23 238 203
    178 44 63 122 205 165 168 127 171 114 241 58 49 122 237 61 95 255
    120 47 232 254 34 223 255 151 240 254 221 255 234 137 179 249 220
    247 253 175 154 55 191 119 243 95 48 102 237 109 31 251 216 127 236
    254 166 75 223 159 228 254 205 255 239 204 243 239 218 215 255 167
    163 127 174 124 247 30 183 230 255 253 215 254 248 63 252 246 163
    105 238 158 34 255 255 255 227 174 243 239 255 254 127 239 175 215
    111 119 215 30 191 230 191 255 211 254 248 63 254 254 35 109 254 191
    3 255 255 247 231 238 243 235 255 251 127 239 175 151 127 55 211 95
    58 119 239 111 223 255 248 127 236 246 166 219 207 151 230 254 253
    255 203 205 243 239 248 246 251 167 161 111 174 108 241 31 177 111
    239 237 95 255 248 63 237 246 7 95 239 30 228 254 207 255 142 139
    243 251 241 247 255 167 168 103 222 112 241 122 177 231 255 237 223
    255 220 63 252 254 10 127 239 22 102 255 255 255 206 235 243 251 253
    255 251 199 172 119 254 244 249 30 52 126 253 237 91 251 248 63 232
    246 34 223 254 159 120 251 221 255 130 189 243 255 208 255 255 175
    209 239 172 100 211 62 54 254 223 239 219 255 216 63 174 246 162 205
    239 159 210 255 255 255 130 160 243 239 250 246 255 167 147 167 252
