<?xml version="1.0"?>
<opencv_storage>
<descriptor type_id="opencv-matrix">
  <rows>448</rows>
  <cols>32</cols>
  <dt>u</dt>
  <data>
    60 73 123 238 126 128 87 248 197 128 253 98 115 217 169 96 122 232 6
    106 200 163 46 173 242 237 167 8 55 187 112 161 61 95 106 79 84 155
    210 120 69 204 255 175 107 77 191 52 124 168 151 239 204 179 45 159
    114 237 161 128 127 175 114 213 62 109 106 238 94 3 222 120 7 228
    249 143 115 205 61 0 126 249 151 231 200 163 72 189 242 205 161 184
    117 175 82 209 168 188 159 112 177 236 113 215 187 27 38 28 158 147
    64 24 129 54 109 24 50 237 178 23 203 255 52 80 192 64 195 107 115
    61 134 173 217 47 50 106 164 96 218 6 214 176 32 84 248 206 122 160
    25 155 211 206 181 231 2 34 24 110 32 144 96 44 39 153 74 203 177 78
    54 39 250 178 160 132 0 112 105 190 234 128 40 159 231 190 21 38 18
    33 81 8 38 232 208 170 106 217 202 137 160 71 54 37 246 147 139 128
    18 80 105 174 106 132 186 187 199 211 214 33 18 97 113 140 168 202 1
    136 6 81 197 188 96 7 127 17 66 80 162 128 20 236 97 46 106 24 147
    216 211 193 15 120 146 0 130 64 243 172 0 152 199 93 176 232 96 7 62
    27 98 48 190 177 32 88 97 58 46 0 50 252 83 87 5 182 50 64 192 64
    193 10 45 253 247 86 235 221 255 244 255 250 188 136 106 237 205 183
    63 250 230 66 195 123 174 249 63 222 69 54 67 255 198 253 41 79 107
    76 116 151 239 113 69 76 126 198 49 205 183 116 94 168 22 238 201
    186 100 255 102 44 163 128 127 187 120 245 56 91 114 232 27 199 59
    80 133 140 255 130 123 223 36 84 126 185 143 234 136 179 48 188 243
    237 162 128 115 187 36 243 3 92 147 253 116 134 184 87 60 9 90 70
    188 171 33 64 238 43 23 28 163 156 18 239 45 190 190 128 152 216 33
    185 2 57 234 145 83 208 184 71 189 69 94 163 44 142 54 64 238 59 147
    149 198 152 38 207 119 85 158 131 7 4 189 223 27 19 107 64 115 208
    250 80 45 76 95 167 8 142 183 228 126 185 151 228 133 147 52 204 86
    125 168 131 39 135 44 117 80 216 191 60 58 224 81 152 229 69 134 33
    230 222 35 106 198 213 237 193 14 67 162 69 211 178 82 11 96 129 37
    127 90 220 7 190 31 211 146 234 159 77 216 171 239 252 55 192 243
    239 255 193 15 203 42 191 184 247 143 251 52 14 61 79 3 120 98 91 61
    153 187 70 127 4 126 132 168 216 183 68 250 42 187 68 134 184 246
    255 38 62 146 42 95 13 115 190 130 172 188 49 129 239 52 167 63 183
    70 17 236 60 18 9 177 87 115 17 52 124 27 119 205 23 94 67 192 80
    143 74 34 174 18 26 219 145 178 202 158 1 120 139 172 202 102 132
    217 59 130 1 22 58 10 247 44 22 27 107 209 14 11 142 2 168 16 155
    223 153 178 198 158 21 80 19 172 216 102 132 137 59 131 17 54 58 10
    247 13 86 30 107 211 12 143 142 10 160 180 153 217 221 48 207 159 61
    64 17 172 150 106 204 193 27 171 16 22 88 82 213 143 82 30 111 146
    12 133 206 10 176 180 153 217 253 48 79 191 61 71 17 140 158 110 204
    129 27 235 17 22 88 219 209 15 83 26 111 146 68 141 206 102 183 42
    136 248 79 179 248 36 104 254 47 210 182 2 112 252 156 127 224 145
    179 249 220 253 37 35 204 64 11 37 243 117 123 2 141 120 15 166 248
    36 232 250 110 208 194 161 64 252 236 126 102 205 179 201 204 52 44
    39 140 73 59 32 145 92 98 14 142 104 11 167 120 36 168 215 234 209
    195 169 64 124 204 110 234 72 243 203 204 244 160 163 140 0 187 48
    161 93 32 6 169 72 11 98 88 36 224 247 10 211 210 11 240 120 204 126
    234 9 211 239 200 148 233 35 12 35 171 104 128 121 34 230 62 8 19 64
    88 55 224 247 142 67 236 202 84 93 204 238 12 140 243 239 29 90 227
    69 140 103 170 112 212 10 48 102 13 105 91 186 88 231 236 214 175
    200 140 55 100 254 221 255 103 132 211 239 216 23 123 3 147 71 47
    108 215 10 176 54 153 105 157 176 88 175 125 214 43 202 156 38 100
    237 157 255 1 150 219 243 209 223 125 19 251 66 12 37 215 74 57 54
    249 107 221 56 88 103 104 214 43 238 157 2 229 236 190 255 1 140 219
    243 208 215 249 11 155 2 12 45 223 0 158 26 185 176 174 56 55 126 79
    74 85 172 162 34 64 247 43 14 21 178 156 1 255 173 55 58 66 152 0
    161 25 3 157 23 153 177 166 184 55 124 73 74 80 172 178 36 96 247 35
    22 29 183 152 1 255 45 62 58 194 144 64 161 15 1 157 54 201 147 166
    51 55 108 9 106 84 60 50 36 64 247 51 2 16 179 152 17 255 41 62 26
    66 152 64 161 43 2 157 54 201 147 227 63 231 14 65 74 162 60 54 36
    100 231 51 155 144 51 152 49 255 45 6 158 195 180 66 165 63 18 143
    74 168 178 195 63 231 132 5 218 163 41 39 162 65 110 179 151 224 90
    155 4 253 248 32 174 195 53 134 165 121 82 203 71 252 162 192 63 229
    164 8 210 227 61 231 160 64 102 243 173 194 88 139 6 109 240 162 238
    137 53 176 165 57 59 251 99 75 118 147 239 252 69 72 124 230 105 204
    180 164 126 234 22 238 195 186 44 255 62 76 165 224 127 143 114 253
    179 255 99 75 246 147 174 244 69 72 248 230 41 204 180 165 126 234
    22 239 255 187 44 253 58 72 167 192 127 158 240 253 243 88 79 190 14
    146 78 240 196 66 210 230 115 232 177 225 126 224 61 239 237 135 46
    175 176 107 234 136 61 255 120 93 122 48 110 239 111 91 251 216 127
    236 246 175 203 223 159 100 254 205 255 207 140 179 239 242 214 255
    163 163 127 143 126 223 95 49 126 237 239 123 255 216 63 236 246 167
    235 239 151 102 126 205 255 239 141 243 239 216 246 251 167 161 191
    255 122 209 91 54 111 237 108 95 254 216 127 236 254 230 235 239 151
    226 127 221 255 171 205 243 239 216 246 255 167 161 255 254 108 209
    90 182 103 237 45 95 254 248 63 238 246 230 107 206 150 230 127 205
    255 171 201 243 239 216 182 251 175 160 119 252 124 241 118 188 230
    222 253 23 223 248 63 254 247 175 106 255 191 22 255 239 255 167 168
    227 235 255 59 126 199 190 215 255 102 247 230 190 182 222 253 243
    190 232 191 250 190 186 236 238 109 43 255 247 255 163 242 67 251
    255 63 94 207 175 149 127 167 245 159 182 118 237 254 91 251 248 127
    236 246 230 127 239 150 100 127 205 255 173 169 243 239 218 254 251
    167 168 127 172 112 209 255 182 231 223 237 159 255 248 63 254 246
    166 75 239 158 230 127 238 255 206 233 247 235 255 190 251 231 164
    55 174 116 241 157 185 238 191 174 219 127 216 119 252 254 175 91
    236 155 98 127 239 255 207 175 243 239 255 254 235 231 172 231 254
    104 113 157 90 111 231 38 6 111 208 116 202 246 230 121 119 177 97
    126 244 63 238 233 180 45 234 240 235 227 128 37 243 112 121 174 249
    96 150 75 197 180 196 155 86 20 191 40 220 94 139 173 251 243 195
    198 102 154 241 87 81 219 171 79 61 23 223 50 9 99 206 86 195 239
    121 69 68 252 162 113 205 180 100 120 168 23 239 216 187 36 253 115
    44 170 136 119 174 244 252 27 29 98 142 214 151 190 117 133 64 220
    199 56 220 182 96 126 171 151 205 215 139 20 253 114 44 138 136 63
    142 57 221 35 201 115 222 85 209 175 228 212 0 248 2 120 252 180 228
    88 250 18 234 201 171 62 255 57 44 143 8 87 186 116 172 2 248 122
    217 242 145 184 199 63 5 84 179 172 222 166 64 247 59 179 145 150
    220 130 247 78 62 30 235 20 4 173 223 26 15 98 156 119 151 187 118
    141 68 90 231 45 238 182 196 110 251 151 197 212 153 36 253 50 124
    138 128 55 142 37 221 190 228 102 147 207 25 254 200 47 50 241 27
    206 206 92 143 235 193 255 167 234 119 207 211 157 90 143 175 71 94
    199 194 111 239 232 14 237 60 246 188 123 31 124 13 106 232 223 62
    153 206 228 71 134 114 238 243 126 127 117 175 199 119 218 207 190
    228 242 194 237 27 254 200 175 178 243 27 202 234 127 83 251 205 127
    243 112 119 201 242 191 24 143 229 199 63 119 134 93 54 150 246 169
    63 94 184 255 186 191 72 223 243 201 114 151 197 124 122 170 69 203
    170 251 255 39 188 130 243 3 3 205 204 196 55 168 174 100 190 190
    242 166 84 255 99 129 123 35 102 110 28 57 201 91 55 238 251 119 16
    170 240 201 24 96 34 24 32 32 13 81 16 32 172 36 13 151 3 2 16 128 4
    76 12 8 96 128 0 195 137 33 48 64 128 74 67 96 34 168 36 40 8 81 16
    34 164 134 141 215 37 66 18 129 196 109 28 8 66 201 0 200 129 37 49
    32 160 86 66 114 34 10 40 9 21 88 72 3 36 160 141 11 139 38 16 204
