<?xml version="1.0"?>
<opencv_storage>
<descriptor type_id="opencv-matrix">
  <rows>514</rows>
  <cols>32</cols>
  <dt>u</dt>
  <data>
    26 178 230 221 107 26 48 214 55 57 246 230 232 190 132 224 111 223
    255 128 136 219 227 241 158 235 246 130 127 140 40 157 113 79 74 78
    52 130 78 112 101 200 254 230 113 226 182 112 120 228 30 238 205 147
    13 111 48 174 163 128 45 242 120 5 58 32 103 217 124 91 123 88 119
    100 246 131 89 239 180 80 127 220 255 164 168 243 105 223 94 239 167
    128 55 172 96 209 113 15 87 206 126 18 103 120 196 192 250 102 115
    224 180 240 126 228 62 106 201 163 45 173 50 174 167 128 61 250 112
    37 75 52 38 205 108 11 171 120 124 232 222 110 216 252 150 96 127
    237 255 165 161 242 255 206 60 57 175 136 15 174 49 213 189 49 101
    66 172 7 71 88 68 232 183 110 83 65 217 47 92 196 92 126 217 243 109
    12 216 136 229 212 239 171 112 113 44 189 182 62 185 223 151 238 207
    207 254 45 234 252 38 150 221 119 238 67 250 171 123 63 107 247 5 91
    194 126 174 219 58 223 98 142 245 179 222 254 81 236 252 175 107 108
    182 132 95 230 151 231 236 171 44 191 122 127 165 145 127 255 252
    223 49 128 134 29 24 11 64 111 22 161 98 8 98 224 64 93 25 108 96 44
    40 248 207 29 8 46 81 84 96 40 64 32 63 223 98 206 255 145 222 246
    21 78 220 175 105 254 183 212 255 251 151 231 252 11 42 239 186 125
    174 171 55 254 184 221 59 159 107 95 246 242 239 243 87 204 94 166
    105 237 183 100 127 238 183 143 140 152 45 255 102 111 175 129 183
    214 252 125 9 159 231 247 246 242 255 246 81 207 94 166 121 253 182
    100 127 126 55 143 225 248 45 239 110 111 255 128 175 252 240 249 3
    190 163 30 242 191 191 231 190 79 90 245 252 238 182 100 183 107 251
    133 167 217 190 127 60 54 63 138 156 68 131 253 3 157 19 217 179 206
    61 183 62 9 74 80 188 183 32 244 183 59 18 24 115 152 49 95 173 254
    30 66 146 64 161 187 166 171 251 196 190 137 95 224 136 173 48 171
    19 205 252 2 54 120 79 84 80 43 162 162 59 205 37 251 101 171 196
    113 156 52 184 241 179 122 20 215 155 183 142 50 142 57 65 11 243 94
    204 48 40 213 137 138 235 215 23 55 162 120 143 3 90 189 3 190 31
    211 26 234 159 68 220 34 239 254 34 224 243 255 191 193 15 139 42
    191 185 247 143 219 52 47 61 127 43 203 99 79 84 151 239 246 69 76
    124 198 33 197 181 228 92 234 22 204 195 186 100 255 38 28 162 128
    127 159 112 253 56 91 115 108 19 151 91 112 135 12 254 162 107 215
    164 228 126 185 158 234 200 171 48 253 179 237 35 154 119 143 36 113
    2 159 107 140 86 70 238 118 52 64 92 199 61 45 50 0 126 139 19 173
    241 154 20 255 118 37 170 128 61 132 179 217 56 74 38 141 21 66 203
    252 5 4 220 131 41 13 49 0 72 216 151 233 74 184 65 237 115 71 148
    129 119 158 116 234 57 73 123 234 118 211 75 112 69 72 124 98 59 213
    177 228 126 168 22 78 203 186 36 189 242 237 34 136 127 155 120 169
    2 207 42 185 118 225 189 231 158 77 88 167 172 239 50 64 254 59 147
    129 6 154 2 255 102 21 186 139 21 76 181 219 3 121 106 89 87 157 187
    198 126 5 124 134 168 220 183 100 250 43 155 68 134 184 118 255 39
    62 154 138 95 31 121 223 1 220 18 189 117 133 181 247 94 73 92 84
    188 187 32 96 227 59 23 9 227 156 18 255 101 62 58 130 26 8 161 171
    0 139 48 243 180 142 137 101 94 172 112 2 164 200 96 64 209 123 10
    81 82 248 136 180 237 209 159 96 16 10 197 48 65 98 73 133 44 11 107
    56 100 224 211 204 211 0 153 96 90 132 110 238 137 176 205 76 164
    184 163 148 76 171 80 32 65 34 65 165 108 10 107 16 100 160 242 204
    211 2 145 80 90 204 110 238 137 178 197 10 196 180 163 144 12 171 81
    160 2 160 156 185 201 253 176 79 158 53 69 17 140 158 106 8 201 27
    139 17 22 90 90 209 77 17 26 111 144 12 141 194 8 56 7 177 65 142 97
    214 180 8 194 4 187 131 32 64 232 110 106 192 137 216 211 232 197
    243 146 0 8 8 33 152 88 179 215 240 163 72 120 197 171 29 182 169 15
    63 72 26 167 149 237 128 14 67 129 193 219 211 118 135 162 132 167
    91 86 6 174 188 171 162 156 33 159 14 210 179 204 238 39 74 231 245
    253 133 60 71 131 202 145 114 218 155 148 109 61 87 105 185 144 154
    169 205 71 204 207 184 164 8 182 209 64 178 201 226 122 82 27 107
    219 49 185 145 5 63 90 25 202 162 53 42 110 187 72 15 98 88 118 100
    227 198 211 192 54 64 124 140 106 14 142 242 255 241 87 233 131 0
    113 139 96 192 18 157 91 172 146 192 61 103 164 0 202 163 61 182 160
    64 102 179 135 128 83 139 4 253 176 160 174 195 53 64 165 59 221 90
    251 229 38 14 111 24 116 202 246 226 115 103 177 114 126 244 61 234
    233 180 37 42 214 235 227 128 37 243 100 113 80 241 152 166 153 68
    23 13 34 45 131 9 215 246 72 66 144 87 237 81 90 11 219 0 185 229
    174 127 128 2 133 114 191 125 105 97 184 19 95 191 19 232 148 251
    147 61 209 48 95 222 221 236 189 74 229 158 170 207 165 244 231 180
    242 85 47 181 106 1 247 191 178 67 94 97 124 167 8 40 190 160 158 10
    146 21 151 184 116 222 46 29 9 99 207 78 219 148 61 93 83 230 230 67
    199 248 84 224 125 34 83 241 185 97 122 236 22 106 201 179 44 172
    240 201 37 4 127 251 96 225 57 195 107 110 116 147 206 124 69 64 253
    194 123 201 182 160 122 168 22 238 205 179 44 189 114 205 163 65 127
    138 120 192 49 73 106 206 86 131 207 116 69 68 252 130 113 205 182
    100 120 232 23 239 200 187 60 253 114 45 163 136 119 190 112 248 2
    205 114 220 211 208 188 231 157 77 220 163 40 174 166 68 110 251 131
    193 86 155 38 239 58 52 158 139 21 84 173 223 130 184 170 154 159
    225 176 71 158 67 68 179 44 223 96 8 201 59 147 145 51 15 18 243 219
    84 154 107 156 12 181 218 248 192 253 110 12 77 70 252 214 2 240 10
    115 121 57 99 88 214 110 98 106 39 123 61 243 235 100 56 113 123 84
    42 131 175 233 157 244 139 239 255 22 236 86 255 227 109 146 1 127
    238 55 237 250 248 109 191 110 15 253 196 109 172 208 217 63 207 105
    239 188 7 79 253 22 230 218 199 81 109 185 64 127 206 55 239 249 146
    125 191 120 15 175 212 181 254 208 112 182 143 239 189 246 131 111
    255 22 238 210 247 97 111 184 64 127 239 183 231 249 218 109 191 124
    6 175 196 53 252 148 241 54 223 105 239 186 2 79 253 22 66 216 230
    113 103 184 96 127 222 23 238 233 19 109 191 248 175 175 132 53 242
    180 49 146 253 243 159 90 194 190 254 54 67 208 246 124 246 168 97
    127 251 191 194 227 222 255 255 60 38 127 130 61 112 161 249 12 39
    239 163 242 42 122 144 49 232 31 225 95 101 145 145 54 231 85 127
    176 208 13 172 236 201 37 128 166 247 18 209 60 123 184 227 189 143
    87 216 59 172 188 76 223 251 67 16 157 255 236 122 138 115 233 176
    251 221 37 188 226 251 198 195 149 12 14 189 36 38 184 82 148 202
    214 23 149 42 51 73 239 33 31 165 164 197 1 138 194 235 250 128 156
    105 57 147 96 34 24 32 32 13 81 16 32 12 36 13 23 3 2 80 128 0 76 12
    4 0 144 0 194 137 32 17 64 128 74 67 112 34 200 36 40 8 81 16 34 164
    134 141 215 1 82 18 0 196 109 21 8 66 193 0 201 161 37 49 32 128 86
    66 114 34 8 40 9 13 88 72 3 44 160 141 3 11 2 16 204 149 205 132 12
    99 194 16 146 208 129 59 88 12 46 86 112 48 172 164 40 72 93 24 2
    254 134 173 215 37 67 90 129 212 109 5 8 67 203 0 217 227 237 189
    164 120 22 82 126 162 168 160 137 80 88 136 3 245 132 153 207 103 74
    90 197 215 237 149 30 67 203 144 219 193 237 253 162 100 142 82 80
    18 174 164 42 74 149 56 166 246 150 173 215 61 2 67 135 85 125 33
    172 193 63 12 217 163 237 149 36 96 21 83 207 18 224 101 167 126 127
    152 123 238 183 245 203 127 159 174 62 68 253 110 189 244 253 194
    198 255 103 135 238 247 94 117 143 83 111 141 118 22 191 120 29 76
    223 231 121 76 190 96 126 185 151 231 229 145 37 221 102 109 170 128
    29 174 53 241 206 172 180 81 141 96 33 134 251 151 134 16 140 180
    204 111 129 86 104 25 50 76 235 224 137 18 94 86 130 85 149 108 230
    50 173 254 233 36 153 74 139 159 148 157 108 175 73 91 205 215 249
    145 34 71 242 224 211 115 218 187 132 69 55 123 222 80 236 182 45 56
    81 140 195 127 135 31 74 57 95 75 129 196 253 7 172 101 255 144 211
