<?xml version="1.0"?>
<opencv_storage>
<descriptor type_id="opencv-matrix">
  <rows>502</rows>
  <cols>32</cols>
  <dt>u</dt>
  <data>
    152 6 94 133 70 59 232 66 252 38 86 146 205 130 178 64 114 44 10 44
    36 181 5 222 84 161 34 1 37 168 9 128 25 31 71 237 54 2 111 123 116
    136 250 230 83 35 176 244 126 228 30 238 233 153 37 142 244 239 162
    128 47 234 112 41 56 6 66 239 23 138 66 107 117 0 251 2 107 107 40
    208 120 166 12 168 56 184 65 191 186 239 160 81 183 138 120 10 109
    120 184 65 77 127 83 152 107 254 37 28 154 57 87 190 129 76 240 30
    133 116 248 2 79 221 69 55 202 125 74 246 0 48 6 13 75 203 33 72 134
    180 192 12 196 192 98 194 64 44 106 0 3 195 219 17 20 32 11 60 16 8
    43 128 39 38 208 161 252 41 202 136 31 187 185 120 215 74 217 26 223
    201 95 63 26 102 203 210 140 156 171 252 212 235 83 129 1 135 25 187
    252 133 232 63 30 25 89 112 180 195 248 64 221 11 54 156 147 10 75
    215 140 156 186 236 152 138 161 169 17 79 207 85 22 138 100 166 116
    160 234 194 179 32 145 81 98 236 106 200 105 248 69 44 164 166 118 0
    101 177 112 168 1 73 79 181 116 138 110 162 252 160 250 194 177 130
    145 96 106 110 106 200 65 184 197 108 164 174 182 0 44 177 97 136 85
    99 69 71 42 10 110 184 124 160 227 192 211 67 152 80 114 196 110 110
    73 241 205 72 180 170 35 20 100 179 67 32 69 98 81 167 36 11 107 24
    109 160 251 232 223 66 153 112 122 205 110 110 137 176 205 200 148
    188 35 20 76 187 67 32 113 99 72 79 82 11 110 120 118 160 242 234 83
    192 216 112 122 204 102 238 201 178 205 26 180 44 167 40 125 186 114
    128 49 227 67 10 82 3 230 200 86 160 248 202 83 192 240 16 120 236 2
    238 72 179 204 30 52 12 37 44 117 186 114 128 49 99 66 142 86 3 230
    104 71 160 249 202 66 200 188 20 120 200 6 238 76 178 76 216 52 12
    129 40 117 186 114 132 0 32 14 9 72 75 33 72 166 164 194 12 192 130
    32 64 104 12 106 8 1 215 211 16 20 32 19 57 24 8 42 136 16 32 6 13
    10 11 33 75 118 33 66 68 67 128 0 200 120 12 106 8 8 216 85 16 212
    162 16 0 97 8 48 168 64 32 6 9 74 11 32 72 38 32 194 12 208 128 0 64
    104 12 106 8 8 211 199 16 20 32 3 8 64 8 48 128 112 40 6 13 74 139
    32 74 54 160 194 8 66 192 64 64 120 44 106 24 8 219 199 16 20 32 1 8
    97 8 48 128 2 170 18 153 102 168 184 71 254 25 82 113 172 138 228 73
    230 43 55 21 146 220 2 209 4 48 122 194 28 0 169 137 10 133 34 138
    55 241 184 103 45 69 91 35 236 254 62 196 242 43 155 1 22 153 37 223
    39 117 154 195 22 14 189 206 10 21 58 219 83 246 57 115 61 69 79 135
    44 191 34 192 230 187 147 128 144 152 49 223 71 117 26 195 18 6 165
    219 3 20 115 73 115 231 177 115 125 73 127 38 188 158 166 100 230 63
    150 16 147 152 33 223 71 60 50 194 154 12 37 251 46 34 224 193 108
    61 233 88 91 191 61 254 136 204 221 172 221 24 151 29 146 118 234
    210 14 92 185 252 215 207 86 245 58 249 115 78 113 149 75 244 7 12
    252 198 43 215 164 244 126 234 151 206 203 139 48 253 187 253 39 136
    115 134 102 253 58 251 99 206 113 149 75 244 5 12 252 198 57 199 165
    228 126 187 151 200 203 187 48 255 179 205 162 168 127 158 100 249
    11 207 99 141 117 149 238 103 93 76 120 198 40 136 182 164 126 42
    150 205 199 184 36 253 38 92 170 130 95 158 249 253 2 159 59 156 246
    195 191 103 28 13 88 163 172 239 34 64 254 59 147 129 82 153 34 223
    33 54 186 195 20 12 165 251 43 185 115 223 87 223 250 208 31 72 120
    198 40 206 55 244 126 169 146 192 135 186 54 253 46 125 2 138 127
    142 105 221 59 201 99 222 93 149 207 244 197 64 216 66 97 204 180
    228 88 232 19 239 205 171 62 255 51 44 142 136 119 190 112 236 51 99
    67 142 86 3 230 72 87 160 240 202 66 192 180 20 120 232 2 102 76 179
    12 220 52 4 5 44 117 186 114 132 38 233 2 154 95 147 166 200 143 0
    120 3 104 216 45 132 216 105 130 67 70 59 10 253 61 20 15 43 83 30
    41 134 2 233 0 154 217 145 182 228 159 1 72 9 172 218 36 132 153 107
    130 83 6 26 26 253 44 20 15 107 82 31 139 142 10 233 48 138 221 217
    182 199 143 5 76 3 172 156 38 132 200 59 131 65 70 42 18 247 47 84
    14 107 18 30 157 206 90 186 210 244 51 136 120 198 187 173 182 169
    15 175 66 18 167 247 205 128 40 75 128 226 219 247 63 163 34 4 47 91
    90 30 134 188 175 144 188 39 189 206 210 183 172 170 54 194 231 231
    255 133 244 203 131 226 176 54 222 155 140 116 185 95 104 181 176
    237 157 221 86 47 63 77 108 25 174 255 74 80 145 59 249 4 30 24 243
    151 239 253 28 123 146 14 199 90 100 185 156 63 185 205 21 174 158
    185 128 24 230 241 72 26 129 114 233 80 50 72 219 49 237 146 85 123
    144 88 135 10 196 184 157 183 168 237 21 159 190 187 130 120 247 243
    72 27 129 87 108 16 58 77 203 51 201 179 127 124 128 80 135 43 252
    101 157 103 156 79 71 188 114 162 175 8 211 113 73 51 17 196 108 106
    105 242 249 46 237 239 101 52 224 251 66 34 237 101 165 103 173 15
    71 184 115 234 183 72 211 113 89 191 153 196 124 110 233 244 249 10
    239 251 69 52 74 251 82 32 167 93 107 222 214 147 239 240 85 194 125
    246 112 236 181 100 126 234 19 239 225 182 46 255 118 46 167 136 93
    251 112 245 163 205 107 222 116 131 175 242 92 194 124 198 112 232
    181 101 126 106 19 207 227 190 46 255 116 46 167 136 93 251 112 252
    121 189 237 125 252 7 71 255 23 169 254 106 115 245 128 48 125 254
    124 40 249 251 239 63 250 239 117 148 115 232 194 40 163 90 43 156
    108 212 155 82 221 76 212 102 184 156 183 228 206 104 151 67 165 175
    118 235 17 121 170 138 21 61 117 253 146 127 234 20 210 192 191 230
    176 134 214 167 45 238 167 17 46 251 151 193 224 219 164 238 112 34
    238 139 37 117 39 251 201 48 185 240 237 189 121 27 187 251 181 88
    158 223 72 186 135 19 253 24 179 71 186 194 223 223 115 254 194 192
    131 115 47 191 97 67 244 175 175 221 94 105 121 230 120 228 220 164
    31 74 18 253 147 186 108 247 44 12 37 228 215 206 210 245 204 194
    188 248 41 4 61 25 142 30 145 23 140 207 104 75 197 17 171 2 66 7
    250 209 197 241 218 61 16 41 165 226 76 181 189 243 169 253 21 211
    175 127 173 25 222 255 74 26 133 27 253 16 26 107 251 177 223 211 86
    123 130 69 135 211 67 176 1 152 45 205 129 206 142 248 128 12 190
    208 82 132 137 34 74 13 11 75 250 113 153 16 159 62 88 12 19 252 12
    170 254 81 227 123 181 215 247 183 22 50 205 189 202 174 39 126 235
    24 144 248 171 160 79 203 117 231 230 244 143 227 83 156 135 188 19
    134 42 182 53 65 66 196 77 246 50 244 55 231 60 173 173 217 53 239
    176 118 154 130 42 36 33 124 131 21 55 84 5 94 165 119 249 210 167
    24 184 84 180 39 160 118 90 42 225 237 50 207 33 58 84 18 67 56 195
    236 131 148 55 76 49 254 234 62 125 89 107 80 254 246 188 245 181 10
    16 44 183 184 49 223 33 254 0 78 202 132 97 117 32 18 189 101 48 77
    113 17 40 140 118 40 215 87 0 16 146 60 100 56 0 176 225 12 203 153
    33 0 64 160 70 99 176 1 3 232 145 71 69 73 49 66 225 24 82 215 37
    121 216 184 16 168 57 167 80 12 177 168 130 24 89 48 226 162 41 39
    96 41 52 11 139 120 86 228 216 239 211 72 146 0 92 200 71 237 142
    178 77 31 108 5 173 180 125 142 82 209 97 34 81 65 96 29 96 18 123
    104 118 108 159 0 148 244 22 12 102 12 133 176 229 82 6 156 33 32 74
    128 74 181 50 39 96 9 84 11 131 88 86 228 248 239 195 72 146 0 92
    136 7 165 138 178 77 31 100 4 169 176 117 142 86 209 116 82 188 196
    168 100 87 152 163 254 167 61 86 247 75 91 213 196 109 170 40 71 235
    64 211 178 229 156 130 243 100 115 177 247 49 40 176 143 87 239 99
    108 40 61 47 18 138 21 150 139 68 102 254 26 96 63 178 216 4 62 112
    214 134 79 183 60 16 190 89 163 11 64 29 42 209 248 191 210 161 188
    220 185 148 227 105 6 76 63 144 214 169 186 88 105 2 165 59 126 144
    73 49 189 146 78 75 137 253 120 170 88 215 172 141 59 132 145 143
    178 68 218 2 93 27 179 219 95 75 133 15 52 33 72 168 182 31 27 150
    202 28 244 221 223 211 108 23 58 253 60 179 4 178 146 110 95 41 236
    158 229 131 113 214 88 108 222 42 8 79 184 165 54 135 185 243 87 137
    95 7 212 125 110 104 69 75 109 192 186 101 148 46 179 68 115 87 183
