<?xml version="1.0"?>
<opencv_storage>
<descriptor type_id="opencv-matrix">
  <rows>551</rows>
  <cols>32</cols>
  <dt>u</dt>
  <data>
    26 52 246 233 123 93 187 88 45 236 254 174 216 255 134 96 255 221
    255 160 161 243 251 207 127 239 175 140 7 174 37 243 11 54 59 201
    108 95 63 120 61 232 222 174 250 239 150 96 255 252 255 174 193 243
    251 203 247 249 175 136 14 174 53 209 61 87 71 239 182 2 79 252 116
    136 250 230 83 99 176 116 126 230 28 238 233 147 13 46 240 174 166
    128 45 250 240 33 241 83 111 110 40 7 79 248 96 202 247 236 115 101
    145 115 94 228 124 234 233 163 237 13 240 233 101 156 109 179 98 49
    2 44 158 186 7 232 48 6 143 150 88 35 172 191 97 72 163 59 131 17 2
    205 2 232 133 85 30 131 148 88 5 203 37 98 129 129 236 41 202 152 78
    179 185 204 215 64 217 42 91 72 110 126 27 98 207 144 140 148 175
    124 156 251 82 128 129 162 213 217 236 169 232 19 254 17 115 208 191
    35 144 81 35 2 110 12 51 124 199 211 132 154 114 64 220 200 195 160
    8 183 50 90 57 221 50 223 190 93 76 32 172 222 106 224 151 59 219 16
    150 9 186 119 47 85 7 239 146 6 167 223 48 172 67 136 86 169 226 199
    87 163 248 202 3 160 244 80 121 174 6 140 8 186 196 242 28 44 150
    104 245 74 242 140 50 172 66 136 87 163 226 75 87 1 248 11 0 232 52
    148 249 138 130 1 14 187 0 223 54 12 129 47 215 78 250 142 78 61 190
    191 233 127 52 207 190 191 215 59 204 247 107 75 237 95 235 0 20 219
    203 240 223 115 95 11 130 124 175 195 166 116 50 140 217 119 182 232
    190 234 215 27 206 252 47 253 249 93 251 99 108 215 217 222 55 114
    79 63 18 125 47 214 174 116 50 12 89 87 182 104 191 166 198 24 204
    252 37 212 216 125 251 99 100 71 243 222 55 118 15 63 18 125 39 214
    202 101 38 140 73 95 54 109 190 4 220 11 238 180 39 84 248 157 235
    99 100 131 83 222 119 119 11 27 18 62 47 206 10 37 18 137 89 95 178
    107 190 36 204 1 140 144 38 196 248 141 234 33 84 155 211 223 55 116
    11 123 18 14 47 198 74 32 146 136 73 123 176 75 174 37 234 25 140
    134 98 196 248 29 234 16 0 151 211 194 21 116 27 59 210 12 47 198
    137 91 127 205 36 66 111 176 116 200 118 230 249 93 177 96 118 244
    22 238 193 176 37 236 230 235 226 128 47 179 97 121 16 31 123 92 18
    167 51 115 183 72 126 102 60 247 160 116 118 187 30 136 129 153 48
    95 243 174 34 130 123 192 37 249 50 43 82 136 95 131 26 69 47 132
    248 139 46 138 37 16 250 189 207 192 8 187 128 220 179 148 139 59 17
    10 47 138 2 173 42 153 247 241 184 71 30 5 88 179 172 142 38 64 255
    59 147 145 22 152 2 215 15 22 154 235 148 12 181 223 130 156 58 185
    209 229 177 71 30 93 80 19 188 158 34 72 231 59 147 145 50 152 18
    215 77 22 26 75 144 8 165 219 185 237 98 170 85 193 78 245 85 64 244
    10 59 217 50 181 120 170 151 200 110 186 28 191 123 77 132 105 63
    158 240 138 19 157 14 174 182 131 190 103 140 64 90 231 189 42 50 64
    238 35 31 229 245 137 4 253 176 97 170 129 61 14 185 27 185 200 99
    232 84 147 207 244 85 72 116 134 57 12 182 161 124 168 23 239 239
    190 36 191 50 201 160 136 127 156 112 253 0 156 27 249 18 194 56 119
    60 1 74 242 189 23 32 96 118 59 19 128 51 152 17 95 165 166 186 66
    48 0 165 187 50 41 122 200 118 201 250 64 205 12 252 34 44 217 183
    100 250 185 151 193 66 179 34 221 82 216 2 171 119 142 102 207 1 136
    19 153 48 140 41 87 124 9 82 84 188 146 160 100 230 43 50 156 131
    152 1 213 5 60 50 66 24 0 161 173 3 26 19 153 119 164 184 87 172 9
    80 70 188 146 32 196 230 43 18 133 147 152 18 209 5 56 58 202 24 0
    161 169 3 154 51 155 118 164 185 82 143 77 91 247 172 158 166 68 231
    59 147 149 151 152 48 245 12 52 26 194 156 12 161 215 56 2 90 232 87
    227 250 66 37 4 250 3 43 11 36 80 120 185 135 128 12 179 0 204 215
    237 130 1 117 10 124 138 11 151 59 219 114 244 185 119 188 77 95 119
    188 158 166 96 230 59 151 145 151 152 32 247 79 53 58 195 148 12 165
    255 35 201 96 156 93 149 206 230 197 64 220 198 33 200 182 228 72
    170 147 207 207 42 118 253 54 125 138 137 31 156 120 140 130 189 191
    127 224 239 181 239 126 203 122 80 244 254 12 56 183 123 115 0 50
    220 27 127 45 30 95 2 192 80 167 171 10 190 16 153 177 249 178 231
    31 31 88 53 172 158 102 128 135 27 131 17 54 156 67 247 46 86 30 227
    146 76 141 223 2 156 50 155 245 237 178 199 31 15 88 51 172 190 38
    64 193 59 131 17 54 152 66 255 173 54 30 75 144 76 181 207 2 156 18
    253 81 245 48 167 63 11 98 17 172 190 36 80 193 123 187 1 38 216 83
    255 167 246 26 11 144 68 165 154 8 156 186 253 85 166 114 246 63 9
    102 16 172 255 34 88 229 123 179 128 178 184 18 255 111 255 18 2 130
    68 41 154 130 50 22 153 106 139 184 90 191 58 242 242 140 214 160 79
    239 61 255 1 160 215 195 208 20 50 123 130 22 12 35 133 2 48 22 136
    73 221 176 72 174 36 194 9 172 150 38 192 232 29 235 1 4 159 211 208
    21 48 11 27 16 12 47 142 2 32 22 9 73 223 176 72 174 168 192 9 140
    220 36 196 208 61 235 1 6 211 211 217 21 48 11 59 18 12 47 142 66 48
    54 136 73 223 176 72 174 5 192 9 204 210 102 70 232 29 235 17 22 19
    211 208 23 48 11 107 18 12 47 134 2 32 22 137 73 255 176 72 174 52
    194 9 204 214 99 206 232 61 235 17 4 211 211 208 23 16 11 59 18 12
    45 134 2 32 54 137 105 221 176 73 174 36 193 9 140 192 102 95 232 61
    235 1 6 199 131 208 21 16 11 59 16 12 45 198 66 176 182 29 73 223
    176 72 191 149 195 9 236 222 102 198 144 125 235 17 6 65 219 221 13
    50 95 127 18 4 7 214 102 114 6 139 105 95 178 72 174 188 225 13 204
    198 111 82 248 221 235 115 4 71 219 208 149 48 11 127 16 47 47 199 2
    48 22 136 73 223 176 72 174 56 211 1 236 214 102 198 232 61 234 1 6
    67 211 209 23 48 11 59 18 14 47 142 14 168 180 159 217 218 176 168
    191 183 70 1 236 254 78 79 145 127 163 17 34 88 203 253 47 54 95 103
    130 100 13 78 49 92 53 252 60 124 199 190 92 74 208 98 119 60 177
    224 206 226 62 75 173 32 119 191 177 111 122 144 21 217 80 109 43 88
    165 189 44 240 139 86 221 74 80 98 187 188 181 224 202 123 190 67
    133 168 118 169 5 122 250 130 23 253 117 253 39 26 246 94 109 240
    135 0 205 142 87 34 104 252 183 110 78 112 54 75 128 161 54 200 7 58
    130 138 215 255 116 245 44 18 246 96 229 82 240 82 85 12 118 39 9
    173 55 204 120 204 135 184 156 178 1 200 86 251 192 131 231 252 124
    211 123 24 138 156 44 244 218 82 137 200 214 231 56 190 183 74 192
    227 29 199 141 139 134 232 210 57 170 136 12 117 56 95 90 74 202 188
    32 148 57 86 161 140 212 199 41 135 179 82 110 227 133 196 136 139
    162 233 82 97 186 136 47 212 46 89 110 133 80 128 247 17 190 232 136
    128 56 14 140 42 244 134 170 193 147 227 1 35 156 202 52 20 143 175
    94 46 43 133 204 60 189 117 168 108 93 154 251 250 182 56 223 183 65
    123 135 247 108 18 185 109 235 32 207 251 119 124 192 241 135 33 130
    92 46 190 44 196 223 158 156 74 212 135 241 207 55 67 206 115 63 195
    225 141 19 237 226 235 250 136 29 25 48 91 113 47 69 37 162 42 109
    55 32 224 58 236 179 37 144 147 46 230 108 45 249 248 197 46 164 227
    100 144 109 224 194 57 80 149 23 236 147 198 53 103 172 1 234 16 124
    55 40 113 230 147 138 160 115 139 18 93 241 162 82 74 56 0 165 58 69
    51 23 78 234 12 119 249 238 152 123 68 220 242 233 242 182 101 110
    106 193 209 139 65 181 185 103 140 72 34 35 161 55 93 230 206 60 246
    207 176 197 192 222 6 113 252 183 102 94 228 63 239 137 131 127 236
    49 126 234 128 63 255 112 125 33 220 124 94 28 223 223 252 87 74 252
    2 115 125 183 97 88 242 23 106 233 160 123 189 115 143 224 16 119
    251 124 40 93 149 23 254 139 166 63 248 190 216 235 70 124 247 41 67
    117 125 59 226 195 193 155 253 249 170 79 2 24 115 33 51 78 51 255
    67 170 107 55 137 175 189 159 168 204 253 205 42 54 119 239 82 18 65
    139 224 91 55 109 255 198 243 135 35 196 6 61 250 108 100 185 216
    158 62 149 19 204 199 105 75 205 81 175 130 32 71 170 242 213 179
    251 188 16 121 37 99 21 253 142 38 217 7 111 252 55 228 238 13 119
    230 27 20 60 206 120 238 205 211 187 125 249 142 5 4 105 54 34 216
