<?xml version="1.0"?>
<opencv_storage>
<descriptor type_id="opencv-matrix">
  <rows>436</rows>
  <cols>32</cols>
  <dt>u</dt>
  <data>
    3 48 19 136 78 75 160 64 204 224 208 98 148 144 164 164 106 53 90 33
    1 35 150 72 16 32 10 58 76 8 35 165 55 60 202 83 211 234 43 67 59
    195 111 182 0 167 134 156 63 190 128 144 59 216 28 78 8 6 145 66 205
    65 202 180 33 24 85 81 20 190 233 50 126 33 114 84 243 16 148 164 90
    44 122 8 169 248 117 31 5 190 146 64 77 136 80 164 53 239 76 77 140
    31 199 252 71 182 172 10 82 97 159 53 89 196 66 110 200 226 105 28
    122 138 69 52 115 250 218 164 149 193 63 123 12 141 196 132 108 17
    163 80 131 156 60 40 200 2 122 67 207 161 127 33 161 216 202 82 65
    27 217 4 23 151 31 56 226 13 92 251 169 90 97 77 118 118 10 17 165
    131 85 102 253 10 26 125 240 130 106 206 56 1 163 211 41 160 213 69
    217 7 65 120 83 161 227 72 82 35 12 180 89 204 98 60 57 250 217 30
    25 190 69 116 202 168 66 160 212 54 190 20 207 56 180 75 250 159 227
    125 108 248 78 155 163 71 232 17 182 229 131 99 26 115 86 11 193 68
    239 135 93 87 133 167 138 47 78 184 52 178 139 205 213 99 73 155 21
    197 104 238 233 196 223 10 173 135 205 20 40 243 0 16 84 87 209 229
    174 10 71 24 50 162 139 232 215 97 201 82 22 212 108 98 8 99 201 10
    248 230 101 52 164 251 6 33 92 240 86 122 175 217 182 236 222 219
    177 42 126 252 236 242 179 115 238 18 39 103 139 249 186 219 103 187
    88 26 169 135 98 179 170 158 221 37 110 216 191 12 213 13 74 235 54
    16 217 202 91 238 170 99 218 249 179 251 131 62 64 111 242 194 95 76
    104 166 95 132 106 136 35 66 142 15 121 74 91 82 45 228 121 221 143
    4 159 239 127 45 136 8 45 23 88 90 82 13 231 86 9 224 139 34 169 4
    139 136 232 254 21 166 168 243 249 131 24 11 174 239 145 118 202 154
    71 103 39 108 26 192 101 107 1 208 72 140 55 85 8 129 233 206 60 248
    81 152 185 166 79 4 63 145 131 217 218 5 51 150 108 124 2 171 238
    215 100 128 173 162 168 148 92 161 160 231 213 7 8 122 97 202 66 200
    130 105 68 16 206 137 4 160 55 170 97 53 90 164 38 233 16 33 145 226
    77 137 215 253 66 129 150 60 177 33 69 82 210 8 198 209 65 59 44 232
    24 18 23 184 205 151 206 11 99 200 159 245 2 6 68 240 78 134 163 79
    122 23 19 209 191 113 28 2 77 102 156 41 17 100 15 132 165 159 170
    98 173 175 250 91 85 48 220 118 154 107 71 87 124 169 177 200 239 99
    204 38 254 196 132 112 167 225 226 39 72 72 248 50 8 15 48 1 225 208
    9 38 140 249 94 145 202 176 191 139 101 78 62 103 154 73 145 133 174
    20 49 70 221 31 178 106 69 141 57 95 125 168 255 102 139 191 31 195
    132 32 41 96 111 73 160 178 116 9 240 240 143 253 55 148 69 17 129
    251 97 162 165 87 174 28 66 100 142 31 121 194 72 190 29 208 117 36
    45 138 197 87 225 13 214 246 131 244 42 34 141 61 244 196 204 35 3
    31 4 152 122 129 185 11 91 39 230 37 21 51 50 8 24 123 76 90 217 142
    192 162 22 62 74 192 152 200 166 48 128 253 229 203 32 83 199 117
    106 129 39 103 202 49 144 242 107 58 88 0 43 130 217 162 158 181 2
    74 21 184 54 242 134 176 255 229 130 13 55 124 236 32 37 229 143 14
    200 163 117 21 10 168 9 81 228 88 220 88 218 153 20 143 223 147 164
    184 10 192 231 127 99 209 170 16 102 101 95 210 30 26 85 127 217 113
    200 22 200 63 202 198 80 112 58 72 178 133 109 148 97 230 107 82 82
    127 130 194 36 195 190 104 70 165 163 41 128 243 47 144 220 22 156 5
    187 122 87 186 211 242 134 185 207 103 131 119 35 70 236 34 172 197
    237 14 250 227 101 53 162 252 12 85 20 231 30 67 138 155 190 228 172
    33 191 162 85 66 200 34 63 83 202 114 84 209 45 52 124 135 127 213
    97 147 143 129 105 172 156 87 169 62 68 159 179 187 166 24 194 179
    194 190 1 198 236 12 124 65 203 34 198 255 85 21 202 240 202 14 148
    253 119 82 146 250 182 232 253 178 186 178 79 124 205 35 187 215 204
    114 127 225 45 110 187 198 7 71 225 115 231 23 72 152 149 244 169
    236 81 55 171 25 174 88 254 183 0 94 129 23 109 12 17 73 147 209 201
    251 119 90 128 64 193 51 229 172 252 83 172 157 180 142 202 187 166
    28 194 224 199 59 13 230 106 88 182 105 223 48 110 27 85 125 200 216
    218 132 198 175 149 222 169 209 30 200 159 184 185 248 236 231 196
    167 207 251 238 194 43 111 202 243 191 210 103 255 82 165 134 165 70
    103 223 30 248 208 190 204 254 192 216 224 232 238 63 224 222 251
    238 227 239 99 142 105 48 51 239 139 69 119 47 21 97 160 168 89 44
    157 220 136 206 122 180 68 241 216 222 98 201 66 126 10 198 98 207
    17 198 59 231 61 88 240 91 133 74 166 100 175 106 14 111 184 63 166
    78 157 77 103 26 84 119 206 127 175 128 208 221 239 252 54 169 132
    38 134 146 112 118 174 53 222 169 209 158 201 155 26 177 120 202 221
    76 135 205 251 207 195 122 99 234 241 179 208 37 191 82 249 166 37
    48 60 127 79 58 91 182 96 62 162 254 232 243 188 132 176 62 255 254
    34 33 251 229 46 54 239 39 177 101 218 79 185 93 68 144 239 44 36 79
    24 23 138 215 2 123 195 187 108 87 196 61 106 8 0 107 186 195 255
    231 144 178 251 16 33 63 81 107 236 116 31 75 120 1 72 253 238 91 69
    187 52 94 168 149 110 201 163 116 140 210 253 160 152 127 175 66 245
    57 81 99 108 118 95 75 120 1 68 253 142 91 77 187 52 126 169 21 238
    201 178 116 156 178 233 33 152 127 175 98 245 248 172 21 112 137 233
    80 67 163 51 160 24 30 179 64 155 129 182 236 16 26 111 210 18 219
    243 85 123 98 64 198 34 96 224 144 112 9 109 64 206 251 179 160 24
    166 240 64 58 137 214 104 16 42 107 218 17 153 146 85 59 192 88 74
    10 80 160 157 240 136 108 65 19 162 53 162 24 151 179 64 90 1 214
    104 24 26 73 211 0 217 163 116 124 160 64 135 34 124 37 1 111 156 15
    71 188 82 162 234 72 211 97 25 48 88 198 96 106 105 178 201 63 237
    175 37 52 80 123 82 32 85 38 156 37 136 10 70 154 34 176 138 72 215
    35 65 82 17 196 108 56 8 65 201 0 168 162 101 20 160 112 3 0 124 87
    110 236 181 94 95 121 105 236 254 6 91 127 22 113 122 245 253 234
    232 147 57 204 243 251 167 149 103 182 246 115 254 115 110 236 109
    94 95 248 169 236 246 46 123 127 7 211 252 213 255 226 233 99 249
    204 243 251 231 152 103 182 102 243 254 112 253 231 109 95 255 216
    121 250 183 10 223 93 223 187 190 213 255 107 233 119 249 234 215
    219 103 182 103 255 87 241 1 172 117 153 236 137 236 183 222 83 80
    84 189 234 246 97 207 43 126 13 183 104 214 241 38 26 254 56 156 200
    209 140 106 48 230 154 75 244 176 68 139 85 149 155 8 156 110 143
    205 177 243 145 6 79 178 225 19 81 218 251 199 13 63 214 255 112 253
    231 108 95 255 216 27 250 181 26 223 93 215 59 191 213 255 123 169
    103 253 234 215 219 239 180 231 255 86 241 76 36 223 247 236 104 105
    25 59 179 183 18 223 51 89 91 99 197 127 154 56 85 217 194 223 243
    219 4 166 225 101 48 6 143 18 186 180 167 190 225 28 4 89 35 236 202
    33 64 253 59 131 179 18 152 10 223 168 22 143 199 148 74 53 131 34
    36 98 131 84 195 170 109 88 225 121 131 104 232 126 1 216 45 147 177
    164 242 12 206 60 30 159 167 205 14 251 158 35 230 226 70 116 22 234
    65 89 41 113 91 72 232 188 5 248 205 19 55 182 242 140 207 62 60 133
    167 197 14 250 132 2 65 34 168 95 195 186 73 14 141 81 163 108 222
    116 0 254 185 183 149 66 19 10 220 61 4 143 207 149 14 181 203 147
    112 174 244 37 150 248 81 233 201 87 85 220 220 62 42 174 61 213 61
    197 245 178 202 203 255 158 130 6 164 251 223 79 137 114 194 215 148
    170 194 238 33 90 2 44 202 117 228 102 171 51 219 211 27 144 245 63
    124 142 232 23 2 33 172 17 216 105 169 22 138 169 150 94 99 90 231
    149 12 178 96 127 9 55 29 195 184 37 87 76 15 58 196 117 152 53 249
    210 32 178 238 52 12 216 77 123 9 81 112 182 152 93 42 250 79 53 17
    130 61 129 195 152 252 158 162 132 0 243 11 3 100 163 179 180 132 72
    69 59 137 80 72 188 218 81 0 159 169 93 145 250 220 129 206 188 92
    158 234 132 0 17 8 2 104 130 133 5 43 186 67 143 39 154 3 140 168 33
    74 235 103 203 1 4 177 128 194 149 52 155 55 213 127 5 138 58 128
    192 233 29 18 72 220 19 18 180 2 11 9 63 212 89 220 157 224 46 39 77
