<?xml version="1.0"?>
<opencv_storage>
<descriptor type_id="opencv-matrix">
  <rows>430</rows>
  <cols>32</cols>
  <dt>u</dt>
  <data>
    69 251 248 179 180 136 121 150 47 89 22 103 189 27 210 66 103 207 63
    221 211 248 203 225 204 253 62 192 172 131 161 25 2 144 34 154 203
    241 184 199 159 85 85 179 44 254 46 204 239 59 147 145 22 11 62 243
    23 118 154 203 151 12 173 214 47 135 226 136 126 177 170 200 31 77
    93 247 104 236 254 196 127 203 151 215 150 18 14 247 30 20 139 239
    159 143 248 213 96 184 152 58 185 237 17 142 187 189 168 25 182 247
    74 26 129 91 232 16 26 75 218 51 217 215 21 123 208 64 135 139 27 31
    231 190 166 162 239 119 21 194 223 230 121 174 177 96 126 231 63 143
    217 153 39 238 176 239 254 128 189 250 176 249 59 126 235 225 116
    251 251 86 31 237 252 239 59 29 183 52 127 187 151 157 173 190 100
    238 126 221 180 160 231 220 86 253 11 126 250 214 117 252 255 87 169
    205 124 36 172 190 215 36 174 59 215 145 134 136 160 235 102 93 62
    139 198 214 111 223 223 210 235 152 182 176 186 218 191 77 214 247
    205 206 191 104 119 225 191 213 183 149 167 247 158 111 170 202 191
    149 61 85 207 149 102 225 253 63 120 25 109 121 255 54 207 127 158
    109 239 131 255 190 190 241 105 212 222 219 227 198 150 205 229 85
    203 144 112 223 237 28 124 61 175 95 247 180 236 255 222 102 247 19
    255 133 215 12 251 211 199 255 218 235 30 134 237 221 14 63 114 202
    124 180 250 80 173 204 255 103 232 238 255 196 238 107 223 213 150
    179 162 232 30 125 170 139 215 207 41 213 239 208 96 201 109 29 222
    248 79 122 181 126 222 95 222 252 223 193 255 239 203 39 255 243 246
    223 231 190 31 191 216 241 239 249 116 249 237 159 254 248 223 248
    180 126 155 29 214 181 239 213 255 115 249 127 125 244 254 219 231
    246 95 189 210 241 94 243 122 184 242 208 63 212 63 93 86 247 45 207
    171 88 55 187 183 215 135 151 166 241 214 113 58 203 175 149 167 209
    47 127 115 75 238 253 183 214 205 75 127 100 188 156 157 44 142 27
    214 83 215 184 105 224 38 217 38 146 79 223 199 255 105 19 237 237
    44 19 73 57 143 72 158 230 251 111 178 98 94 228 127 173 141 41 103
    157 202 255 235 156 30 174 80 113 59 23 115 200 242 50 111 119 33 76
    252 230 25 135 180 244 126 154 151 238 217 154 36 206 118 237 162
    140 63 215 230 249 35 63 99 11 118 187 238 114 93 236 95 231 40 204
    183 164 126 170 151 239 133 186 44 255 54 28 171 160 87 207 120 221
    50 239 98 200 246 147 234 246 71 160 88 231 9 204 244 32 127 251 23
    245 210 186 44 255 62 12 175 228 117 142 240 213 92 141 100 233 188
    35 74 250 133 40 158 2 91 59 49 64 108 213 93 234 24 139 65 157 251
    239 171 212 55 171 112 32 175 217 116 241 236 159 223 248 223 248
    180 254 159 29 214 177 238 245 223 107 249 111 121 252 190 219 231
    246 95 189 211 241 31 126 248 225 54 127 219 210 107 250 28 239 159
    156 215 42 135 125 213 87 133 244 188 234 207 221 63 182 206 245 15
    247 203 120 251 246 102 92 189 148 249 234 54 239 189 158 215 58 167
    125 245 215 133 244 182 234 70 255 127 170 207 245 71 223 79 151 127
    237 172 94 127 49 173 127 223 183 220 62 186 114 247 151 255 163 212
    145 105 215 215 255 235 215 22 174 165 83 142 159 126 241 166 251
    251 115 173 126 215 183 205 126 182 73 231 183 255 183 180 153 45
    222 222 123 107 198 148 173 173 83 90 145 249 239 166 76 127 57 59
    111 255 55 223 127 158 112 247 151 189 162 217 22 233 195 214 255
    186 198 54 166 167 115 203 151 109 78 170 80 95 185 233 92 223 228
    249 127 158 247 54 215 253 238 249 9 175 237 242 121 224 204 46 134
    164 117 91 180 241 111 114 92 95 61 123 79 253 60 251 127 158 112
    183 159 149 128 219 190 233 195 246 253 54 138 111 134 231 121 187
    208 226 222 109 20 255 217 91 70 245 151 105 206 191 252 127 201 183
    143 207 38 254 211 119 127 235 172 55 188 120 213 175 185 100 201
    237 95 220 248 95 120 180 10 219 93 223 165 221 128 223 123 254 106
    127 213 63 91 199 255 87 141 84 247 27 114 234 71 98 82 189 93 112
    206 117 230 121 253 223 172 62 221 151 174 197 246 172 202 118 79
    191 168 111 246 239 241 27 214 37 183 53 223 248 55 29 105 214 103
    239 31 18 192 236 51 159 129 239 188 81 221 167 215 190 145 62 140
    152 91 137 240 121 111 112 84 125 61 123 79 117 52 185 95 142 244
    151 27 149 136 227 190 249 215 103 253 50 204 126 134 231 249 62 179
    98 249 244 253 248 91 127 89 127 247 153 204 158 137 254 155 151 149
    151 242 235 209 14 249 178 196 207 141 247 211 25 210 187 95 35 212
    181 87 118 75 116 48 185 157 174 164 127 59 150 128 195 172 48 195
    99 239 50 131 83 148 175 255 87 27 87 72 250 50 58 154 105 121 250
    238 72 14 135 246 102 213 236 240 149 131 229 220 30 56 32 198 175
    165 42 21 41 181 249 101 181 95 247 27 105 105 125 108 155 61 158 48
    182 30 212 40 215 176 117 141 103 253 32 166 239 206 203 247 77 184
    123 97 98 252 115 50 105 74 126 40 31 183 132 244 55 190 180 8 145
    184 176 242 71 255 48 198 98 225 70 241 14 178 226 145 243 178 184
    65 171 253 91 183 12 238 254 142 191 47 151 149 150 209 174 194 30
    86 159 231 207 102 175 215 35 244 37 24 106 191 173 127 155 242 4
    204 188 6 150 181 7 35 82 45 225 78 118 93 36 26 93 188 30 244 131
    253 102 55 107 34 118 233 179 80 168 109 121 237 82 124 190 16 142
    51 87 55 148 179 100 52 116 36 40 243 197 79 214 211 11 145 38 1 131
    55 172 103 111 113 155 215 136 44 54 164 175 3 250 149 151 57 53 213
    30 94 218 70 207 68 169 84 115 235 104 0 100 8 204 212 105 76 178
    239 3 136 215 16 110 140 119 199 206 35 228 209 118 56 160 180 101
    191 82 85 235 179 234 94 230 20 185 121 123 79 117 247 73 236 222
    188 126 159 183 141 151 254 174 195 22 127 250 202 79 133 255 245 97
    250 233 1 100 156 232 148 234 88 114 109 146 136 214 50 143 204 118
    93 135 60 230 113 6 60 48 204 77 185 91 221 39 53 100 225 188 175
    218 138 79 249 153 127 202 108 223 43 207 1 95 53 158 96 75 212 142
    89 171 246 222 205 81 213 66 94 134 191 109 164 184 30 143 25 218 71
    172 174 49 66 196 123 63 133 130 202 211 225 37 50 222 138 148 84 33
    217 131 122 226 22 103 24 190 212 249 238 116 175 104 204 215 175
    190 253 247 199 197 247 190 226 22 120 95 171 79 246 127 221 130 157
    23 191 44 196 188 166 156 26 210 50 252 126 32 67 230 115 63 193 96
    201 19 253 225 114 218 130 20 0 49 27 6 72 2 153 85 163 186 66 31 1
    82 18 168 202 53 72 251 41 147 209 50 150 16 255 7 54 154 195 149 13
    57 128 35 157 98 77 241 222 182 183 123 9 126 0 40 184 52 116 216
    126 178 0 244 184 177 255 47 62 6 66 66 82 226 175 10 92 35 217 119
    247 187 198 31 73 92 130 60 223 49 196 126 59 147 193 35 152 48 255
    37 117 138 130 151 93 53 249 10 223 34 171 53 179 186 230 31 13 92
    35 172 238 50 128 254 123 151 193 134 152 8 253 238 85 138 195 22 14
    61 219 47 61 98 202 117 179 186 72 79 68 125 167 104 204 183 132 254
    43 147 197 134 178 44 255 54 92 139 171 215 79 120 213 43 53 114 204
    117 183 250 91 79 200 125 42 40 222 255 52 254 169 151 32 134 178
    160 219 23 92 139 170 215 206 115 213 74 112 50 137 109 127 184 75
    47 47 223 3 140 158 102 76 250 29 251 145 4 182 243 208 23 119 154
    163 18 79 37 223 10 141 2 31 209 211 182 166 63 71 74 1 236 236 36
    196 209 111 131 65 112 152 8 255 45 54 31 3 82 68 45 206 117 173 193
    67 184 11 70 185 114 178 168 200 211 97 216 48 17 198 108 122 217
    122 237 54 172 142 37 116 233 242 194 32 131 121 179 221 101 221 189
    87 95 218 80 70 188 220 117 41 236 43 23 77 195 252 50 224 39 24 222
    170 24 24 209 255 91 79 78 188 52 144 94 246 133 72 222 231 189 175
    179 64 102 231 191 199 204 139 6 237 242 231 170 137 60 245 56 89
    186 64 96 200 77 51 216 72 85 38 244 19 10 12 54 73 88 128 151 161
    168 39 96 218 147 120 138 191 55 12 116 198 2 201 32 139 77 209 188
    228 142 84 80 3 172 142 62 64 200 57 147 193 70 10 106 245 37 16 138
    171 21 30 53 222 241 207 78 254 12 130 79 117 132 10 215 198 113 195
